champion,opponentChampion,kills,deaths,assists,win,killParticipation,csdiff14min,jungleCsdiff14,turretPlatesTaken,golddiff14min,xpDiff14,dmgChamps14,totalDmgChamps,teamDamagePercentage,visionScore,visionScorePerMinute,visionWardsBoughtInGame,controlWardsPlaced,wardTakedowns,wardsPlaced,completeSupportQuestInTime
KSante,Gwen,5,0,9,1,53.84615384615385,-2,-1,5,797,188,6948,21266,24.325372545948184,34,0.9919683410785904,4,4,6,9,0
KSante,Jax,3,0,8,1,50.0,13,0,1,314,216,6985,15998,23.896074303079708,19,0.9616783005471856,4,4,1,10,0
KSante,Renekton,9,3,6,1,51.724137931034484,20,0,5,2220,1139,9687,31077,32.41906574632368,18,0.753408378251239,3,3,0,7,0
Fiora,Nocturne,9,5,2,0,44.0,20,-4,5,1552,283,6102,28712,35.078610444069355,18,0.5887459062976308,2,2,4,6,0
Viego,Vladimir,10,1,1,1,40.74074074074074,-5,0,2,22,683,7025,15415,19.82152623291897,25,1.031515677028454,5,2,4,10,0
Jax,Udyr,4,2,2,1,20.0,5,0,4,509,967,6308,16175,17.408935003534552,23,0.924480012922159,3,3,2,12,0
Viego,Darius,9,1,1,1,45.45454545454545,72,0,5,5401,5036,12166,16267,36.9642565036586,14,0.9463853039955573,6,3,0,7,0
Tryndamere,Camille,4,4,4,0,42.10526315789473,43,-2,8,1840,1557,5908,20916,24.459794543394636,23,0.9783070081332697,4,3,2,9,0
Fiora,KSante,17,4,3,1,51.28205128205128,13,0,5,1762,405,10238,36473,34.01621602687213,24,1.0359964888445963,2,2,4,10,0
Sylas,Aurora,2,8,4,0,46.15384615384615,-50,0,0,-2732,-1600,7178,12344,18.611576249261482,19,0.8546090388879812,2,2,3,7,0
Nasus,Kennen,8,6,9,1,53.125,-9,0,0,-33,-564,9297,27120,22.289084219920767,31,1.0003924891174643,6,5,5,13,0
Fiora,Irelia,2,11,0,0,18.181818181818183,-65,-4,0,-3898,-3847,8181,12900,27.68151625649938,14,0.7491785913630407,1,1,2,5,0
Fiora,Jayce,17,7,7,1,61.53846153846154,10,0,6,2585,1595,9273,42583,33.99569436438471,35,1.0820379316917612,3,3,5,7,0
KSante,Vladimir,5,9,4,0,52.94117647058824,5,0,1,493,-392,11006,22111,29.546923453536365,23,0.8999398035530575,5,5,2,11,0
Irelia,Cassiopeia,8,7,7,1,60.0,14,0,1,1165,1429,9775,22644,25.009818399622645,19,0.831885655831035,3,2,1,9,0
KSante,Fiora,10,0,2,1,46.15384615384615,2,0,4,1290,1942,8933,17782,24.776942529671512,20,0.778924096696298,5,5,3,10,0
Irelia,Heimerdinger,2,8,0,0,33.33333333333333,-24,-4,0,-3512,-2638,5360,6419,24.03274653922562,9,0.6101473549963542,1,1,0,6,0
Fiora,Aatrox,11,2,2,1,52.0,33,-2,5,2808,1685,12807,24993,40.532334426105876,14,0.7504120137419399,2,2,0,7,0
Camille,Jax,12,7,11,0,76.66666666666667,14,0,0,297,1569,9119,37453,35.41601279081815,33,1.0156755370089365,4,4,9,9,0
Aatrox,Nasus,2,2,1,0,33.33333333333333,25,0,3,1191,1020,8328,10013,28.23791376304971,12,0.7854741826600209,3,1,1,5,0
Jax,Udyr,2,7,0,0,25.0,8,0,2,-563,-495,9068,17347,32.180636908438814,13,0.5598377897619705,3,2,0,10,0
KSante,Aatrox,5,3,7,1,38.70967741935484,38,0,4,2105,2634,12801,19351,22.84452590629657,22,1.1441477099045674,3,3,2,7,0
Aatrox,Warwick,2,13,6,0,47.05882352941176,-3,0,0,-1845,-1566,9951,22596,23.00429402502058,19,0.7567845828512269,3,2,1,11,0
Kennen,Warwick,2,10,3,0,27.77777777777778,-17,-6,1,-2694,-1328,9986,23796,28.544607050001762,24,0.9696690485713824,5,5,5,10,0
KSante,Graves,5,3,3,1,38.095238095238095,16,0,1,994,2264,7220,16449,18.566926140080923,39,1.1859367293046432,7,7,6,12,0
Jax,Rengar,7,1,4,1,47.82608695652174,11,0,5,2980,2021,12207,17809,36.701475481888565,10,0.6753612107797611,1,1,0,7,0
Jax,Kennen,2,5,2,0,40.0,-58,0,0,-3401,-2205,5929,8348,16.290971236569025,19,0.9260996607742394,2,2,1,8,0
Aatrox,Gangplank,23,5,8,0,70.45454545454545,7,0,2,1779,710,13742,70655,48.49652232402892,24,0.7583548151821201,4,4,4,9,0
Jayce,Fiora,7,7,3,0,41.66666666666667,20,-4,0,-1402,-510,9472,25175,24.444866795263263,25,1.0342036018883192,2,2,3,10,0
Akali,Aurora,7,3,5,1,54.54545454545454,-8,0,0,134,-292,6642,19677,26.84172919089975,20,0.7864863100960124,3,2,4,7,0
Sylas,Aatrox,3,7,5,1,24.242424242424242,25,0,1,420,1324,11634,31191,28.182907464246476,27,1.140606241609011,4,4,5,8,0
LeeSin,Rengar,14,3,8,0,68.75,17,0,8,2259,1627,8340,37861,26.580361386279055,38,1.0770218357497392,2,2,4,15,0
Jax,Fiora,3,7,4,0,35.0,1,0,3,394,752,11191,18346,26.59335938735242,20,0.8582464035281785,2,1,2,9,0
Aatrox,Volibear,2,4,4,1,20.0,-21,0,3,-2348,-1510,5569,19301,16.38910663440915,26,0.8828959010216538,7,6,6,12,0
Irelia,Jayce,11,9,3,0,51.85185185185185,46,0,3,1414,1608,7516,22733,25.319897773241806,27,0.9716862088235789,3,3,4,12,0
Jax,Riven,8,1,5,1,65.0,11,0,3,644,173,6908,24933,18.61756521798099,37,1.1359210848560215,4,4,5,16,0
Jax,Rumble,1,7,5,0,30.0,-31,0,2,-1582,-1288,4279,12402,16.294698932461927,26,0.8967610619338883,3,3,3,14,0
Jax,Smolder,3,6,3,0,40.0,21,0,1,658,811,6070,14416,23.60959918841011,27,1.074178794621668,2,2,1,11,0
Smolder,Nasus,13,7,15,1,51.85185185185185,32,0,2,951,403,7694,74512,29.652123070732898,47,1.0889945322885957,0,0,5,14,0
KSante,Olaf,4,4,7,1,36.666666666666664,-9,0,0,-1563,-812,8324,17272,18.090578131451736,17,0.7157715753373066,4,3,3,5,0
Fiora,Renekton,1,2,9,1,37.03703703703704,-31,0,2,-968,-1881,12461,20174,25.883477123363274,27,1.2128097885731801,5,4,5,12,0
Jax,Renekton,2,3,0,0,25.0,-33,0,4,-2943,-1841,7018,7768,25.206064369969305,13,0.8764849690064747,5,1,2,6,0
KSante,Gnar,4,3,10,0,77.77777777777779,0,0,1,755,991,3303,17201,21.661997255322603,25,0.9295572697087728,7,6,1,12,0
Jax,Renekton,1,6,5,0,66.66666666666666,14,0,3,429,833,8980,14029,26.690815573414017,18,0.7997364492161237,3,2,2,10,0
Aurora,Renekton,2,7,8,0,43.47826086956522,-31,0,0,-1941,-2042,9097,19650,21.24423009901804,24,0.813975038156232,4,4,4,11,0
KSante,Riven,5,3,14,1,67.85714285714286,21,0,2,1394,1414,5619,13497,16.47418751168081,27,1.0022771271921014,6,4,2,10,0
Jax,Poppy,4,3,10,1,46.666666666666664,-18,0,3,-189,-567,5637,20793,20.688944858429245,25,0.9501009852576896,2,2,1,12,0
Jax,Renekton,5,8,9,1,41.17647058823529,-20,0,3,-2567,-1986,7158,26044,22.63200376237642,19,0.6232125736389549,4,4,0,14,0
Aatrox,Garen,3,5,1,0,40.0,21,0,2,103,675,5366,10213,18.861375625801664,19,0.8847022011442529,3,3,2,9,0
Fiora,Mordekaiser,10,4,8,1,50.0,43,0,6,3960,2157,15464,23895,32.44919289408977,10,0.5321939395641053,3,3,0,4,0
Sylas,Gnar,12,1,4,1,80.0,25,0,5,4208,2264,11960,18468,38.70579388353976,11,0.6940967926085962,0,0,1,5,0
Fiora,Darius,5,4,0,0,45.45454545454545,46,0,3,1933,1474,6492,11430,33.780571774969474,12,0.6874897014497569,0,0,2,6,0
Sylas,Gnar,13,5,7,1,57.14285714285714,17,0,1,659,387,7219,31408,27.767563527414467,19,0.719466547934786,4,4,1,7,0
Jax,Mordekaiser,4,2,5,1,45.0,41,0,6,3412,2205,8628,12035,26.327393211400707,12,0.7641449010522244,1,1,0,7,0
KSante,Fiora,12,3,3,1,60.0,36,0,1,2361,2309,8337,19143,28.49941492861417,21,0.8875052684183147,4,4,1,9,0
Sylas,Darius,5,7,2,0,53.84615384615385,-56,0,3,-1918,-1888,7853,18070,30.15961589886042,16,0.686529787726988,2,1,4,7,0
Irelia,Quinn,4,8,3,0,43.75,44,0,4,232,1038,6446,16272,23.30903522650788,17,0.742855332977287,5,3,1,10,0
KSante,Soraka,11,3,2,0,52.0,26,0,0,219,416,8697,28812,28.691104000551253,29,1.0337315544780785,5,5,4,10,0
Fiora,KSante,3,4,6,0,45.0,25,0,2,977,1040,7761,22170,26.92770508798378,21,0.8270630302224413,2,2,3,10,0
KSante,Rumble,5,2,13,1,50.0,40,-4,5,1861,1669,4056,20040,23.64531767696716,15,0.6879666405200167,2,1,0,6,0
Aatrox,Renekton,0,8,6,0,20.689655172413794,-42,0,0,-3795,-2420,6698,19025,17.163233645867113,24,0.8412478506836861,3,3,3,12,0
Tryndamere,Aatrox,4,2,4,1,26.666666666666668,22,0,5,1851,790,8423,14958,18.924850418154566,23,1.0603543392709036,4,4,2,11,0
Fiora,Aatrox,9,3,8,1,65.38461538461539,22,0,10,3056,1410,11211,13707,29.32872378298389,15,1.0496487107653172,2,2,2,6,0
Yasuo,Aurora,2,6,8,0,62.5,3,2,1,-165,-56,6823,20229,26.061851604696972,24,1.005513091718904,4,4,0,11,0
Sylas,Garen,1,8,9,1,27.027027027027028,-23,0,0,-1946,-1342,10449,25341,18.500954727254516,32,1.0476953190806086,5,4,4,11,0
Fiora,Garen,5,2,2,1,43.75,32,0,3,1589,958,10647,16758,31.00793730807096,14,0.7662658135704544,1,1,4,6,0
Camille,Galio,10,10,6,0,59.25925925925925,7,0,4,1106,-31,7909,40062,29.8767851460283,26,0.7758763128639383,2,2,5,6,0
Jax,Renekton,8,8,13,1,55.26315789473685,-1,0,2,591,93,13417,47850,31.107897829731673,30,1.03814758436675,5,5,2,15,0
Jax,Fiora,5,6,11,1,36.36363636363637,-30,0,4,-1039,-1215,9386,24623,19.54497019384639,20,0.7711204561380737,1,1,4,10,0
Sylas,Darius,3,5,3,0,66.66666666666666,-11,0,2,678,574,7342,14401,25.031775769593445,21,0.8945158858048167,2,2,2,7,0
Sylas,Kennen,7,8,3,0,47.61904761904761,-54,0,0,-2274,-1708,6970,18057,24.22756925993838,22,0.9082130278466997,2,2,4,8,0
Tryndamere,Olaf,4,2,0,1,23.52941176470588,-5,4,5,141,-814,7442,9060,22.415021540593802,9,0.6205236238629598,1,1,0,6,0
Aurora,KSante,1,6,5,0,42.857142857142854,0,0,2,-536,-721,9882,17449,26.939530052007854,16,0.6923189787538826,1,1,0,8,0
Jax,Darius,2,9,8,0,55.55555555555556,4,4,2,71,176,9140,16892,22.378950569816443,35,1.4749241431313198,6,6,3,15,0
Jax,Sylas,5,8,4,0,60.0,7,0,5,-30,244,9480,24120,33.37420175724291,18,0.8629981568440074,2,2,0,10,0
Aurora,KSante,4,9,9,0,44.827586206896555,15,0,2,18,485,11485,38564,30.209613845557538,25,0.8329427620199606,2,2,8,8,0
Fiora,Jax,3,8,7,0,47.61904761904761,-5,-2,1,-450,-314,9494,19467,19.488370778223192,23,0.8278790909718187,4,4,3,8,0
Fiora,Aatrox,8,11,3,0,47.82608695652174,-55,0,0,-2311,-1348,12068,36729,31.157530608503986,29,1.2049565948498886,3,3,1,10,0
Fiora,Aatrox,2,10,3,0,33.33333333333333,-29,0,1,-1911,-1652,7060,15996,30.685110166720413,16,0.698945549324479,3,1,1,9,0
Jax,Warwick,2,9,2,0,17.391304347826086,21,0,2,499,1373,7617,22851,20.934623365001716,35,1.0489423269866849,4,4,4,16,0
KSante,Jax,2,3,2,0,57.14285714285714,21,0,2,910,1039,9788,16348,32.791066808641354,20,1.071547720704501,4,3,1,7,0
Sylas,Smolder,8,1,3,1,47.82608695652174,13,0,5,3554,2107,10402,14062,31.394903062243717,8,0.5685710463059108,1,1,0,5,0
