champion,opponentChampion,kills,deaths,assists,win,killParticipation,csdiff14min,jungleCsdiff14,turretPlatesTaken,golddiff14min,xpDiff14,dmgChamps14,totalDmgChamps,teamDamagePercentage,visionScore,visionScorePerMinute,visionWardsBoughtInGame,controlWardsPlaced,wardTakedowns,wardsPlaced,completeSupportQuestInTime
Darius,Renekton,1,3,7,1,42.10526315789473,5,0,0,-113,1402,5008,8516,17.136988325082626,17,0.8990890895440413,3,2,4,9,0
Rumble,Aatrox,9,5,6,0,62.5,46,0,4,1547,2484,8456,28285,30.207247578239578,36,1.2716576013867138,7,6,2,15,0
KSante,Vladimir,5,3,12,1,48.57142857142857,-15,0,2,-62,-243,8536,20336,20.454612758399264,22,0.9279011361852134,3,3,2,10,0
Nasus,Camille,2,10,6,1,27.586206896551722,-31,0,0,-3994,-2185,7435,16762,15.652599867062078,29,1.0476491398636225,4,4,2,13,0
KSante,Vladimir,11,6,17,1,60.86956521739131,-2,0,3,1085,870,9434,38233,23.773046123074035,33,0.9190541959073677,4,4,1,17,0
Aatrox,Vladimir,5,9,3,0,66.66666666666666,-23,0,2,-1124,-748,10470,23037,26.209105371472802,34,1.2065628882239752,2,2,5,11,0
Darius,Sylas,5,2,8,1,52.0,56,0,5,1918,1888,7993,16449,21.460534200885327,18,0.7535726796779694,1,1,5,9,0
KSante,Fiora,2,3,8,1,33.33333333333333,-25,0,0,-977,-1040,5674,12965,13.798564658876595,26,1.052274963693395,1,0,3,8,0
Yone,Vladimir,5,8,10,0,46.875,-8,0,2,23,-155,6633,33441,20.244953442353797,38,1.057623704631976,7,7,3,19,0
Olaf,Galio,6,12,8,0,46.666666666666664,-29,0,0,578,-939,9187,24009,20.41228821052789,22,0.7893987341707116,3,2,2,11,0
Renekton,Riven,3,4,4,0,50.0,9,0,5,711,1286,6395,15352,18.55206096451754,34,1.2896200812640177,2,2,10,11,0
Aatrox,Yone,2,7,7,0,45.0,-5,0,2,-30,232,7834,15764,18.089368835903574,24,1.0505773339338313,3,3,5,10,0
KSante,Rumble,0,5,0,0,0.0,-55,0,0,-3039,-2149,4331,7694,16.22622502248401,18,0.8351240952056677,2,2,2,10,0
Renekton,Kennen,8,1,7,1,45.45454545454545,1,6,3,758,466,4803,21833,25.346601067007597,29,1.066921207131726,7,5,3,15,0
Jax,Gnar,4,2,3,1,31.818181818181817,7,4,3,858,453,8064,10291,17.991596825306477,16,0.9063899505433581,2,2,3,9,0
KSante,Yone,4,6,10,1,45.16129032258064,4,0,3,979,1060,4456,28507,21.082176262536542,45,1.1301388839963713,5,5,3,18,0
Nasus,KSante,0,3,2,0,40.0,-7,0,5,-1259,-1003,4340,7488,25.36750807101352,10,0.6277620044405436,0,0,0,6,0
KSante,TwistedFate,4,1,3,1,25.925925925925924,-20,0,2,241,-169,3171,7102,10.358223068009003,18,0.8795123318142986,2,2,3,10,0
Nasus,Garen,6,5,6,1,32.432432432432435,-38,-2,0,-1881,-1218,8497,26541,24.645862115594493,44,1.511015109753404,4,4,5,14,0
KSante,MonkeyKing,5,2,11,1,45.714285714285715,8,-2,5,1102,886,4721,25931,21.195455983578448,32,1.0360870220222727,3,2,2,14,0
KSante,Garen,2,3,2,1,18.181818181818183,0,-2,2,230,-571,5161,10594,22.552864354820414,12,0.6551433377512733,1,1,1,8,0
Nasus,Tryndamere,5,4,6,1,30.555555555555557,-56,-4,0,-2992,-2256,7733,27413,22.533200795978672,34,1.1011748391562262,1,0,6,11,0
Jax,Camille,3,1,4,1,36.84210526315789,26,-4,6,2168,853,7784,10813,26.62447608317421,13,0.8267223389285926,1,1,1,7,0
Jax,Kennen,1,4,2,1,13.043478260869565,-20,0,3,-520,-355,4089,7974,17.69514676318457,15,0.8159108746969579,1,1,4,7,0
Yone,Aurora,8,6,7,1,44.11764705882353,-22,0,1,-1160,-802,1642,14562,14.019776388704704,46,1.6340069476412504,4,3,3,13,0
KSante,Warwick,3,0,9,1,57.14285714285714,31,0,3,1625,2704,8238,11763,24.49275362466177,11,0.7590900558605479,2,2,1,7,0
Draven,Zoe,6,4,7,1,46.42857142857143,22,0,3,1810,935,5901,19133,25.78276142570391,34,1.5314133155809968,3,3,8,11,0
Jax,Smolder,7,7,4,1,35.483870967741936,-21,-2,0,-795,-209,8682,26696,24.300405263586576,31,1.1304726357256694,4,4,5,14,0
Nasus,Darius,1,8,4,0,23.809523809523807,-24,0,0,-2047,-943,8909,22058,20.808518998239613,31,1.1342726366975484,4,4,2,14,0
Olaf,Rengar,2,7,3,0,27.77777777777778,-10,0,1,-871,-848,7228,15986,26.160183240716005,24,1.098625581533746,4,4,3,11,0
Nasus,Rengar,4,4,8,1,41.37931034482759,0,0,4,-40,160,6007,10548,12.779698224480113,19,0.8090440826277304,4,4,1,12,0
KSante,Camille,2,6,11,1,52.0,12,0,4,328,283,8887,17108,22.546090136816378,22,0.9158652340875898,2,2,1,10,0
Aatrox,Gwen,3,5,0,1,14.285714285714285,-44,0,0,-2309,-2172,8543,8803,17.599427771865226,13,0.8342255403292207,4,3,0,8,0
Renekton,Gangplank,7,2,4,1,47.82608695652174,26,0,6,2840,2447,10889,18245,28.548175332754994,17,0.9776155492286055,2,2,4,8,0
Gnar,Kennen,0,5,1,0,4.761904761904762,-47,0,0,-2678,-2037,3288,5690,8.429674168297428,22,0.9744396437725107,3,3,3,11,0
Darius,Renekton,7,8,6,0,52.0,1,0,3,1906,172,12425,34287,34.912855982678714,21,0.8046425586774706,5,3,1,10,0
Darius,Fiora,11,3,5,1,55.172413793103445,8,0,5,1937,951,8091,26338,26.950424820780732,19,0.6809198290762637,1,1,2,11,0
Yone,Udyr,1,6,2,0,15.789473684210526,7,0,1,-29,-618,9033,17339,19.56444716715193,25,0.95158625348567,6,4,1,13,0
KSante,Gwen,2,3,0,1,13.333333333333334,-3,0,5,74,-28,9749,9749,21.369524119124918,8,0.6121788988392972,1,1,0,6,0
Nasus,Rumble,2,4,6,0,34.78260869565217,3,0,0,-108,159,7322,12763,16.929125790749016,20,0.8025519740883332,3,2,1,11,0
Nasus,Renekton,6,8,5,1,31.428571428571427,-8,0,3,402,663,7106,31218,19.64371453964691,23,0.767296334728044,5,5,2,16,0
Jax,Urgot,1,6,2,1,25.0,2,0,4,-713,-1314,6461,8745,22.73645412673237,11,0.6728796938310975,2,1,1,6,0
Aatrox,Jayce,1,6,3,0,44.44444444444444,-46,0,0,-3348,-2303,4673,10831,18.451148301272095,19,0.8818678989522489,4,3,1,11,0
Aatrox,Tryndamere,4,4,3,1,46.666666666666664,-21,0,2,-204,337,8122,14291,27.538333039998026,10,0.49907893869881403,0,0,0,7,0
Nasus,Aatrox,3,2,2,1,17.24137931034483,8,0,4,1672,1301,8794,9474,16.067949285147094,14,0.9449524897752124,1,1,1,6,0
Nasus,Gwen,2,6,3,0,17.857142857142858,-16,0,5,34,-535,8278,15773,16.9705888215094,20,0.739491453455507,2,1,0,10,0
Nasus,Olaf,1,7,7,0,38.095238095238095,-37,0,0,-1959,-1011,7526,16062,20.677989021146935,10,0.4119593238942245,1,1,0,9,0
Nasus,DrMundo,6,6,8,1,40.0,10,0,1,580,146,7703,39393,28.86430736385216,13,0.5114490095539551,0,0,0,9,0
Gnar,Kennen,2,4,5,0,31.818181818181817,25,0,2,1124,1032,6235,11041,16.577274727739276,24,1.0287329063357902,2,2,4,10,0
Aatrox,Darius,4,2,7,1,35.483870967741936,8,0,2,280,1339,7263,17331,20.85551726251793,34,1.2473558699015153,2,2,5,11,0
Yone,Jax,2,6,11,1,35.13513513513514,-4,0,1,219,477,6376,28930,17.77543972830465,26,0.776135112759143,4,4,3,17,0
Nasus,Teemo,1,3,6,1,28.000000000000004,-2,0,0,-401,201,6117,14189,25.916130581481205,20,0.938096529859606,2,2,4,10,0
Jax,Camille,9,1,6,1,44.11764705882353,42,4,5,4445,3500,12395,21908,30.414746987367035,13,0.7608714645986973,2,1,0,7,0
Renekton,Kennen,4,7,4,0,25.0,-7,0,0,547,1190,6312,19278,16.16555882964765,32,1.004887186820589,5,5,6,15,0
Aatrox,Rumble,2,4,2,0,19.047619047619047,-35,-2,2,-116,-1097,6291,7619,14.94555495036472,11,0.7126765227902899,1,1,1,6,0
Nasus,Renekton,3,7,8,1,39.285714285714285,-4,0,2,-602,-190,6476,30069,22.258835898450155,29,0.9046048360294919,4,4,3,16,0
Gwen,Nasus,11,9,5,1,48.484848484848484,22,0,3,753,-315,7374,40799,35.001707994686896,30,0.9672330549290138,7,6,4,15,0
Aatrox,Camille,5,9,6,1,39.285714285714285,-31,1,1,-2084,-1347,12159,27825,26.891320298525258,15,0.5789754990285596,1,1,3,11,0
Fiora,Olaf,4,10,7,0,37.93103448275862,-5,0,3,416,270,5994,24314,16.9709760417944,30,0.9331860694486885,6,4,9,15,0
Nasus,Jax,4,7,7,0,47.82608695652174,-32,4,1,-843,-294,7889,20140,15.261307741411287,33,1.008786493152063,6,6,2,19,0
Nasus,Renekton,4,3,1,1,23.809523809523807,-6,0,4,721,890,7507,9820,23.388599604342588,11,0.7191757055362429,1,1,0,7,0
Aatrox,Rumble,4,3,11,1,44.11764705882353,10,0,3,844,1332,7250,17539,23.741866900091445,19,0.871997946101247,3,3,1,10,0
KSante,Nasus,3,6,6,1,25.71428571428571,30,0,5,1850,933,9096,23156,22.545671734293297,23,0.8929081682434872,4,4,0,13,0
Yone,KSante,2,2,14,1,53.333333333333336,3,0,4,700,626,5972,32516,27.021875057213645,37,1.3140155568754046,1,1,11,10,0
Jax,KSante,3,3,5,1,27.586206896551722,14,0,5,1492,-769,6848,12708,18.749960198358988,14,0.79877875747752,2,1,1,7,0
KSante,Tryndamere,0,6,2,0,16.666666666666664,-46,0,3,-2941,-2133,9589,9700,24.123572343163644,6,0.4151021624484477,0,0,0,5,0
Nasus,Lulu,5,7,10,0,45.45454545454545,12,0,0,342,1272,6046,28602,22.11014070857346,46,1.2376057471660245,6,4,4,17,0
Olaf,Udyr,9,9,9,1,43.90243902439025,0,0,4,269,1042,9185,30417,18.804520782921756,42,1.2039806759852474,10,10,5,22,0
Nasus,Gwen,3,11,9,1,34.285714285714285,-46,0,0,-2692,-1997,5767,23319,18.22775617100806,32,1.0403434870596366,3,3,3,14,0
Olaf,Poppy,9,12,8,0,43.58974358974359,31,0,5,2013,703,8169,41918,25.612542409214846,45,1.2172158002458817,4,4,4,15,0
Darius,Renekton,3,9,9,0,36.36363636363637,-5,0,1,-491,-686,5698,23693,19.705832762488914,28,0.9590553786909599,6,6,6,16,0
Gwen,Galio,8,5,5,1,48.148148148148145,-12,-2,0,-250,-383,8324,27180,24.531245590404215,44,1.3848215593200885,6,5,8,16,0
Darius,Kennen,6,9,5,0,45.83333333333333,-33,0,0,-1787,-1707,4574,19552,19.71344154059798,31,1.077560434026091,3,3,7,12,0
Renekton,Jax,7,9,9,1,45.714285714285715,-6,0,1,-807,-155,6177,28817,23.493261789082666,39,1.2791915278137995,3,3,8,14,0
Darius,Gangplank,7,6,6,1,27.659574468085108,-6,0,1,-1127,-914,4736,21725,17.24234856665941,30,0.9456696297837855,4,4,4,15,0
Nasus,Gragas,3,11,3,1,20.689655172413794,-6,0,0,-1294,-1956,8220,24727,25.654842944050767,33,1.177153449542523,6,6,4,16,0
Rumble,Gragas,4,6,1,0,45.45454545454545,23,4,5,1637,397,5951,20223,28.944793914526272,25,0.965390512954469,5,4,1,13,0
Renekton,Rumble,6,2,8,1,51.85185185185185,27,4,8,2856,2071,5874,15382,21.08516118534382,33,1.2969388258376957,3,3,4,11,0
