champion,opponentChampion,kills,deaths,assists,win,killParticipation,csdiff14min,jungleCsdiff14,turretPlatesTaken,golddiff14min,xpDiff14,dmgChamps14,totalDmgChamps,teamDamagePercentage,visionScore,visionScorePerMinute,visionWardsBoughtInGame,controlWardsPlaced,wardTakedowns,wardsPlaced,completeSupportQuestInTime
Yone,Jax,0,3,0,0,0.0,-8,4,1,-1103,-836,6557,6557,20.741076977126596,14,0.8523782169260564,1,1,2,6,0
Vladimir,AurelionSol,3,12,4,0,25.0,8,0,2,-489,280,9947,27206,22.529866831620595,28,0.9473287466299786,7,5,2,12,0
Vladimir,Nasus,3,3,3,0,42.857142857142854,24,0,6,1893,1565,15640,37142,38.0110715269342,33,1.1481973259453289,3,3,8,9,0
Corki,Renekton,1,3,0,0,25.0,-15,0,0,-2529,-1698,8959,9986,27.480799681299096,15,0.9580946324044428,1,1,2,7,0
Smolder,Rumble,4,0,2,1,31.57894736842105,28,4,3,1501,1340,5614,6267,13.797614826359709,12,0.832210852513575,2,2,1,7,0
KSante,XinZhao,4,0,3,1,41.17647058823529,37,0,4,1857,2963,9257,11127,29.55194949508494,18,1.1758499997266718,2,2,2,7,0
Tristana,Smolder,5,4,7,1,36.36363636363637,0,0,2,-141,217,5775,25043,18.506799961087818,47,1.3022222997518214,2,2,7,15,0
KSante,Olaf,5,3,19,1,57.14285714285714,23,0,5,2018,1065,9510,22923,20.305775257268063,25,0.9623191588696554,4,2,3,7,0
Corki,Renekton,8,4,5,0,59.09090909090909,35,0,2,1275,1312,11545,30370,33.028673869384626,26,1.0659127864331168,2,2,6,11,0
Corki,Nocturne,6,5,5,0,64.70588235294117,29,0,6,2426,1078,8471,29016,33.14405603226539,26,0.9788409811075077,6,4,2,14,0
Corki,Renekton,10,6,9,1,39.58333333333333,9,-4,5,2005,784,10018,62149,27.43477651142716,32,0.8283719216558437,2,2,9,16,0
KSante,Rumble,3,1,6,1,31.03448275862069,46,0,2,1505,1521,7894,13765,17.57151061814367,18,0.8061437712381123,4,2,2,10,0
KSante,Olaf,5,2,6,1,36.666666666666664,14,0,2,1062,1939,8186,21315,22.011440252049592,19,0.775478909911722,6,3,2,8,0
Sylas,Rumble,5,12,9,1,33.33333333333333,-4,-2,1,-167,188,4933,25678,21.00527729896774,21,0.8238290379361471,5,3,2,7,0
KSante,Rumble,5,3,6,1,39.285714285714285,-1,0,1,497,1173,9302,12567,20.55353196800143,21,1.188417383113125,4,1,2,7,0
KSante,Smolder,2,2,4,0,66.66666666666666,-2,0,3,528,191,3803,6116,14.115457704474805,16,0.9298742288006667,2,2,1,8,0
Skarner,Renekton,0,8,4,0,30.76923076923077,-25,0,0,-1396,-772,7725,17274,20.246027888715474,25,0.9556968374970533,5,3,3,10,0
Caitlyn,Heimerdinger,5,6,5,0,38.46153846153847,57,0,5,2637,641,4483,30482,28.684756814609585,28,0.907555998966418,4,4,3,14,0
Olaf,Renekton,2,8,5,0,30.434782608695656,-14,0,3,-1321,-1363,13697,24329,27.855893181349995,23,0.9024294591086871,4,2,6,6,0
KSante,Aurora,6,0,4,1,41.66666666666667,16,0,4,1823,1639,6324,19056,26.5571818749954,29,1.131767148938196,4,4,3,11,0
Camille,Gnar,12,1,7,1,59.375,12,0,2,1789,746,8927,26762,26.084682325774565,29,1.1537884863803647,5,5,8,9,0
KSante,Olaf,6,3,6,1,35.294117647058826,54,0,9,2586,2792,4568,19202,17.69664849252678,28,1.1001722871418678,8,7,7,12,0
Tryndamere,Camille,8,4,12,1,64.51612903225806,32,-2,8,2464,1388,8885,26947,27.240002088437137,27,1.1379994052804518,4,4,5,8,0
Gangplank,Camille,3,3,1,0,40.0,3,0,4,139,-417,9564,11799,28.16517216790016,12,0.8028965229831816,4,3,0,8,0
Sylas,Fiora,7,1,1,1,38.095238095238095,59,0,5,4391,3719,11695,14497,26.799079819972377,17,0.9965870043025018,3,3,0,9,0
Gragas,Poppy,9,2,5,1,48.275862068965516,44,0,4,2666,1367,9014,24487,28.84862273289742,22,1.0400171536742329,3,3,2,7,0
Gragas,Fiora,5,5,1,1,25.0,-7,0,5,723,92,11023,13027,25.0342652823957,14,0.9386020047110927,2,2,0,7,0
Nasus,Jayce,4,8,3,0,33.33333333333333,2,0,3,177,102,6439,29104,27.676922595153858,28,0.851169187753594,5,5,5,9,0
Fiora,Sylas,0,5,0,0,0.0,14,0,4,162,-359,7453,8530,21.709895280174333,10,0.6813317445125212,1,1,1,6,0
Nasus,Riven,5,3,2,1,25.925925925925924,14,0,5,1039,538,6668,12607,15.908060399329827,17,0.7896764861842209,3,2,0,8,0
Aatrox,Teemo,11,8,9,1,71.42857142857143,-9,0,1,612,171,9966,53859,27.71001236039043,43,1.216884594837681,5,5,4,11,0
Camille,Rumble,7,1,8,1,68.18181818181817,55,0,5,3396,2602,4870,19848,25.599872209512714,28,1.1993565466002325,5,5,9,10,0
Renekton,Nasus,4,4,5,0,52.94117647058824,40,0,2,1095,1341,6330,17059,25.34730677933434,20,0.9944052994848391,6,5,4,10,0
Akali,Rumble,9,8,4,0,72.22222222222221,21,0,0,859,972,9239,28547,28.07496121217346,22,0.8175434381874832,4,3,4,9,0
Skarner,Jax,2,7,17,1,54.285714285714285,41,0,4,829,398,6149,29112,19.954986901262302,42,1.293439989516246,14,13,3,19,0
Jax,Warwick,1,6,0,0,33.33333333333333,-19,0,0,-2921,-2530,8651,8810,25.144323076786833,9,0.5944905436452019,1,1,2,4,0
Olaf,Renekton,2,3,1,0,42.857142857142854,12,0,3,654,-145,11287,12596,27.780653845492786,12,0.778476502284166,3,2,1,8,0
Renekton,Warwick,8,5,10,1,64.28571428571429,33,0,5,2251,877,11238,21253,24.884924416995364,21,0.860086065955664,4,3,4,8,0
Ornn,Rumble,3,4,6,0,64.28571428571429,0,0,1,626,118,5520,12821,24.071251434619054,13,0.5646327326878915,3,1,0,8,0
Nasus,KogMaw,6,6,16,1,66.66666666666666,0,2,2,263,1386,7296,40215,27.344393783688858,36,1.0229957959364184,4,4,3,16,0
Nasus,Smolder,5,4,9,1,48.275862068965516,9,0,5,1395,912,7036,21202,23.0479163000065,27,1.0230392819032152,4,3,2,11,0
Nasus,Corki,5,1,7,1,50.0,40,0,4,2016,2349,5846,26416,28.917110700175304,22,0.90590888614207,3,3,2,9,0
Renekton,KSante,5,6,13,1,54.54545454545454,31,0,8,2776,868,9411,33815,22.16469990676044,24,0.7910298072482462,4,2,3,7,0
Renekton,Aurora,3,4,1,0,33.33333333333333,11,0,0,184,794,4754,13942,17.30215370865968,26,1.1114391477389292,5,3,7,9,0
Sylas,Rumble,8,2,4,1,48.0,7,0,3,2013,789,9696,11108,24.166158083757328,6,0.43335827663015225,0,0,1,5,0
Camille,Nasus,3,1,3,1,27.27272727272727,19,0,0,1069,140,8729,13149,25.36864236089827,19,1.0665635884851665,2,2,4,8,0
Zac,Renekton,2,4,3,0,38.46153846153847,-19,0,1,197,-76,7198,12713,17.60054863273149,16,0.715220862955199,2,2,2,7,0
Camille,Corki,2,2,9,1,37.93103448275862,-3,0,3,805,766,8879,12281,18.78192950731827,17,0.9728023766509867,4,2,2,8,0
Renekton,Gnar,6,4,8,1,56.00000000000001,0,0,2,899,946,9069,17825,26.253592526573883,25,1.2588432022242213,5,5,5,9,0
Jayce,Yone,3,10,3,0,35.294117647058826,24,0,3,914,252,10071,26796,26.877814081898517,34,1.2367905920999573,7,7,6,12,0
Gangplank,Warwick,2,8,1,0,33.33333333333333,-7,0,0,-1319,-1311,11806,17814,32.029166104115305,16,0.7620290000860719,3,2,2,8,0
Aatrox,Nasus,10,6,3,1,50.0,18,0,4,2191,727,10675,24815,30.07947720741625,16,0.6587832565752955,3,3,3,10,0
Skarner,Jayce,5,1,2,1,28.000000000000004,22,0,3,1676,2131,9286,11754,21.471224840012486,16,0.9324901394568186,3,3,0,9,0
Cassiopeia,Akali,5,3,4,1,42.857142857142854,27,4,4,1306,767,8175,11879,19.63015555408997,14,0.726264720970491,3,3,0,10,0
Tristana,Kennen,2,1,5,1,41.17647058823529,17,4,5,1740,1100,7864,14409,27.60599248118043,14,0.743869464545541,2,2,2,8,0
Nasus,Jayce,7,3,8,1,44.11764705882353,21,0,5,1549,1528,6357,39418,30.367871327378783,47,1.2511122405660893,7,7,6,13,0
Zeri,Olaf,7,6,5,1,44.44444444444444,53,0,5,2258,1522,6807,35044,35.312835276280325,27,0.9936487516993763,5,4,1,12,0
Aurora,Jayce,6,4,6,0,85.71428571428571,11,0,1,461,771,7464,31886,37.26012894335437,32,1.2307336152174622,2,2,3,11,0
Skarner,Jayce,3,4,8,1,50.0,-13,0,1,-1292,309,7490,14232,21.21736366309736,18,0.8465813554272219,7,5,2,10,0
Skarner,Gangplank,7,10,2,0,45.0,5,0,0,94,282,11514,22548,28.978412905250995,18,0.6981388187703146,2,2,2,7,0
Renekton,Gnar,6,0,6,1,54.54545454545454,31,0,4,2080,2482,7507,14664,27.12202086055737,14,0.8685483421519977,1,1,0,6,0
KSante,Gnar,8,0,2,1,29.411764705882355,46,0,4,2991,2858,8179,13488,18.558242304889585,13,0.7261110242451236,0,0,2,5,0
KSante,Gangplank,6,6,11,1,43.58974358974359,29,0,2,1490,1328,10240,22415,20.25815222439776,25,0.956510829409879,7,4,3,11,0
KSante,Fiora,5,6,2,1,25.0,-7,0,3,-350,-105,9200,12646,20.146362980009965,12,0.6594257318725245,3,1,0,6,0
Mordekaiser,Camille,7,7,7,1,43.75,40,0,4,2094,1124,11424,19182,24.92063067851525,19,0.9456781987288221,3,3,1,10,0
Mordekaiser,Poppy,3,6,4,0,46.666666666666664,-12,-2,0,-423,247,10428,17345,22.426819651344985,13,0.5411700207256408,4,4,0,11,0
Aurora,Renekton,6,2,5,0,73.33333333333333,27,0,3,1277,1391,10836,36474,33.79013190863751,37,1.3029936257460906,4,4,1,11,0
Aurora,Cassiopeia,0,4,2,1,10.526315789473683,-23,0,1,-1318,-2120,5646,10038,16.90593947684416,17,0.8697055889964809,5,4,1,10,0
Aurora,Poppy,6,2,3,1,29.03225806451613,54,-2,3,1720,2290,8833,19702,19.064459546774255,21,0.9590281390785614,2,2,1,9,0
Rumble,Tryndamere,8,2,0,1,47.05882352941176,48,-1,5,2264,2702,18201,21090,38.9202805005806,13,0.7795256561503004,3,3,1,9,0
Vayne,Yone,12,1,4,1,41.02564102564102,45,0,3,3495,2523,12006,27292,26.844169436215253,23,1.0568638784356783,2,2,2,10,0
Corki,Jax,21,6,8,1,70.73170731707317,26,0,4,908,64,11696,72728,40.38071801972322,32,0.8970461345852776,3,3,7,14,0
Zeri,Cassiopeia,3,0,0,1,14.285714285714285,49,0,5,3489,3141,6724,7818,14.882852745442682,14,0.8616962505451424,2,2,1,8,0
Zeri,Camille,5,11,4,0,47.368421052631575,16,4,1,-367,-195,7953,29155,27.504614219553382,39,1.2785937799794895,5,4,3,14,0
Smolder,Renekton,2,10,1,0,18.75,-20,0,2,-1950,-2121,6593,9872,16.73344709808355,12,0.640743886377274,1,1,0,7,0
KSante,Camille,3,7,4,0,46.666666666666664,28,0,2,1166,1384,10835,19024,28.701528968860394,14,0.5565870683135825,5,2,0,10,0
KSante,MonkeyKing,6,0,1,1,28.000000000000004,32,0,5,2777,2316,9927,12447,24.1801883710222,13,0.8735998768010844,2,1,3,4,0
Jayce,TwistedFate,11,3,7,1,60.0,65,0,7,3286,2899,12282,21552,29.31186124022791,15,0.8264692027823863,2,2,0,8,0
Aurora,Jax,15,4,9,1,64.86486486486487,9,0,3,-795,367,11565,41662,34.71256148266066,39,1.4416440043893037,3,3,2,11,0
Aurora,KSante,1,5,0,0,20.0,8,0,0,-540,-601,10947,16261,37.1963307150907,14,0.8199810049567475,3,2,0,8,0
Mordekaiser,Renekton,5,7,4,0,36.0,14,0,1,1360,940,12298,22761,27.366596417021526,19,0.7755875933506515,4,3,0,9,0
Vladimir,Udyr,4,6,6,0,50.0,12,0,3,-481,296,10275,32639,26.974655154798953,30,1.0694147213842122,4,4,9,10,0
