champion,opponentChampion,kills,deaths,assists,win,killParticipation,csdiff14min,jungleCsdiff14,turretPlatesTaken,golddiff14min,xpDiff14,dmgChamps14,totalDmgChamps,teamDamagePercentage,visionScore,visionScorePerMinute,visionWardsBoughtInGame,controlWardsPlaced,wardTakedowns,wardsPlaced,completeSupportQuestInTime
Nasus,Cassiopeia,7,9,9,0,76.19047619047619,-4,0,4,318,-197,9085,27171,30.448438974595977,13,0.4895976553215352,1,1,1,5,0
KSante,Camille,3,5,8,0,55.00000000000001,11,0,3,712,998,10912,27130,26.104012573881096,25,0.855405874164319,2,2,3,7,0
Smolder,KSante,15,4,8,1,67.64705882352942,20,0,5,1432,161,6680,40928,36.826879478872925,31,1.1407326471028976,5,5,6,15,0
Jax,Gragas,3,3,0,0,20.0,0,0,1,-587,-630,8724,15715,23.99097348936564,17,0.8665802469493291,1,1,1,8,0
Jax,Smolder,1,1,1,1,15.384615384615385,-12,0,3,-160,-166,5899,10396,24.933067383200182,10,0.6357983579826592,1,1,0,7,0
Camille,Fiora,4,6,4,0,50.0,3,-2,2,-789,1147,8768,23326,28.013031783737123,21,0.8521684609979229,2,2,4,7,0
Camille,Pantheon,8,0,5,1,59.09090909090909,39,0,5,2652,1654,6967,17363,27.36504093880067,23,1.1187472671299732,3,3,4,9,0
Aatrox,Gragas,3,3,8,1,32.35294117647059,45,0,2,708,1261,10576,27213,25.01560910408267,22,0.82222197215157,4,3,7,9,0
Vladimir,Udyr,1,0,2,1,21.428571428571427,21,0,4,1762,1488,8154,8715,26.378725519930445,14,0.9595059783295475,3,2,0,6,0
Fiora,Rumble,4,5,1,0,71.42857142857143,-19,0,2,-839,151,8371,8948,32.70405785192726,10,0.7036835938606048,0,0,2,4,0
KSante,Olaf,4,1,1,1,29.411764705882355,30,0,4,1984,1856,9452,11599,31.213435146567925,8,0.5818486088301704,0,0,0,5,0
Kayle,Vladimir,2,10,4,0,24.0,-26,0,1,-3411,-1951,6770,19752,16.29975940260673,23,0.7872249639932307,0,0,2,11,0
Vladimir,Ryze,6,5,10,1,44.44444444444444,-5,0,3,-55,306,5482,22007,20.504709510153564,22,0.8882608414316401,2,2,2,8,0
Vladimir,Fiora,1,5,2,1,16.666666666666664,13,0,5,-327,-1054,5717,7048,15.839337454672467,9,0.622269161595508,2,2,0,7,0
Vladimir,Warwick,2,5,7,1,33.33333333333333,0,0,3,-885,-198,10560,24702,22.309848450784912,25,0.8501991330457224,1,1,3,10,0
Vladimir,Rumble,9,4,11,1,52.63157894736842,47,1,5,893,2087,5278,38636,30.461077099148255,29,1.0022452177946644,8,8,2,12,0
Jax,Vladimir,1,9,5,0,18.181818181818183,-20,0,2,-1317,-1429,6699,20036,16.144988054586037,23,0.7980519396965639,0,0,4,10,0
Nocturne,Nasus,12,11,6,0,43.90243902439025,-2,2,5,1838,-829,9569,40984,20.020832543022003,32,0.8350443801996035,4,4,3,17,0
Vladimir,Nasus,5,1,5,1,33.33333333333333,37,0,5,2425,1718,9813,21444,31.14042920935723,22,1.2132336756184408,3,3,1,9,0
Jax,KSante,6,2,10,1,53.333333333333336,29,0,5,2621,1324,6702,21648,20.465385382888385,23,0.97273673934378,3,2,2,12,0
Jax,Nocturne,5,5,4,0,39.130434782608695,26,-2,5,593,322,6370,15808,20.847766936107657,22,0.9395414768092022,3,2,4,10,0
Jax,Renekton,1,0,0,1,5.555555555555555,11,0,3,304,704,9172,9855,21.562294795554983,12,0.7929846034334531,1,1,2,6,0
Camille,Nocturne,14,6,4,0,75.0,5,-2,5,2190,470,9638,26114,30.97035609109789,18,0.7622773999278484,2,2,0,7,0
KSante,Rumble,4,7,5,0,45.0,18,-2,2,170,629,5963,21949,25.824437393074103,17,0.6437365459359696,3,2,0,6,0
Jax,Gnar,3,3,4,0,58.333333333333336,21,0,4,1512,945,5004,14710,26.575638510948927,19,0.8332616601927437,2,1,4,9,0
Camille,Renekton,0,3,3,1,10.0,-35,0,0,-2409,-2104,10710,12979,20.40667660648995,10,0.5669315205316124,0,0,1,5,0
Camille,Jax,2,3,10,1,40.0,2,-2,0,-2017,-623,4124,16683,17.446173077927597,19,0.7231007694677136,1,1,3,5,0
Corki,Camille,10,9,6,0,64.0,54,0,5,2597,1146,10025,41157,35.97285859628293,20,0.6494470727014016,1,1,3,7,0
Camille,Nasus,6,6,4,0,58.82352941176471,32,0,5,2849,1683,13298,31562,38.75995269001331,21,0.7168015773216443,0,0,4,5,0
Olaf,Fiora,6,9,0,0,42.857142857142854,-53,0,2,-3110,-1938,13021,15727,36.67099073528696,9,0.5986788739704162,0,0,1,4,0
Camille,Yone,8,3,6,1,41.17647058823529,-13,0,3,-777,-923,7676,27177,24.555986456980424,14,0.5592289935472118,1,1,3,4,0
Nidalee,Akali,6,8,8,0,58.333333333333336,14,0,3,2,-106,12092,35576,30.302792003688488,26,0.9835284841489315,3,2,7,5,0
Nasus,Kennen,6,3,10,1,41.02564102564102,24,2,3,1351,1390,9228,22643,23.580812347724383,23,0.9828533346921651,0,0,7,8,0
Yasuo,Smolder,6,7,7,0,48.148148148148145,17,2,3,1794,1363,7778,25127,28.684340776579337,19,0.6864040799241193,4,4,6,7,0
Ryze,Rumble,4,3,2,0,33.33333333333333,5,0,2,713,316,6387,16172,26.35434211723451,27,1.1561584992401484,5,5,3,12,0
Fiora,Smolder,4,4,0,0,44.44444444444444,-30,0,1,-1239,-143,8079,10691,36.27859834225307,11,0.7337231174928441,1,1,1,5,0
Aurora,Nocturne,9,0,2,1,47.82608695652174,42,0,5,2984,1931,8393,22305,36.47273002881138,23,1.1742032196920122,4,1,1,6,0
Corki,Renekton,7,9,7,0,63.63636363636363,22,0,4,819,-463,18158,40148,39.428385693473714,11,0.4256111946992222,0,0,2,8,0
KSante,Darius,5,0,0,1,25.0,39,0,5,3260,2454,8697,10306,20.466668378323536,10,0.6523738692747614,2,2,1,4,0
Leblanc,Olaf,5,1,7,1,32.432432432432435,47,0,4,2147,2402,10091,24219,22.436289981943943,27,1.1288023091749604,5,4,4,8,0
Corki,KSante,4,4,2,0,46.15384615384615,44,0,4,1010,936,11719,27258,37.548725679937256,20,0.8273408592556317,2,2,2,10,0
Corki,Renekton,6,9,4,1,43.47826086956522,7,0,1,-420,276,10180,37078,33.60525553659216,22,0.7353763820742314,4,4,5,14,0
Zeri,Nasus,10,7,7,1,48.57142857142857,6,0,0,244,-496,10720,33934,28.096228882676,21,0.7821905240411466,2,2,2,10,0
Corki,Kennen,8,7,10,1,40.0,36,0,4,723,883,9649,44058,30.316222668255318,33,1.0724410237967414,3,2,5,11,0
Smolder,Aurora,10,5,7,0,60.71428571428571,47,4,5,2114,2169,7074,33856,32.33956679649145,34,1.1161222333268375,2,2,1,12,0
Yone,Fiora,2,4,3,1,23.809523809523807,-32,0,0,-2676,-2436,5894,10484,17.51888691297526,13,0.7092014488936258,1,1,2,7,0
Corki,Irelia,7,9,6,0,48.148148148148145,-18,-2,2,-1319,-1164,7192,26524,25.053197881952656,22,0.7686044846297785,4,3,4,11,0
Akali,Tryndamere,10,4,10,1,52.63157894736842,37,0,5,2572,2157,11885,36402,30.043365413477286,25,0.8216820805993251,4,3,4,6,0
Corki,Yone,2,9,6,0,40.0,5,-3,0,-606,-549,8099,23956,28.631321174965972,13,0.5406210215203326,0,0,2,7,0
Corki,Aurora,10,3,9,1,59.375,29,0,5,1744,976,7700,34883,35.51691103192218,14,0.6080087950903491,0,0,3,8,0
Rumble,Aurora,10,9,6,0,66.66666666666666,23,0,2,86,-451,10213,37523,33.947363587360535,33,1.0817111070683183,6,6,1,15,0
Varus,Renekton,3,6,0,0,23.076923076923077,41,0,3,1961,2108,11794,24777,38.559153159457324,18,0.8664308765368168,2,2,0,9,0
Fiora,Zac,2,6,2,0,36.36363636363637,11,-2,0,-349,-677,12992,18596,27.510929761625043,14,0.7131041014414053,0,0,1,7,0
Aurora,Renekton,2,7,3,0,35.714285714285715,-6,0,0,-1596,-1309,12939,27258,34.035695425020066,18,0.7477483604999625,2,2,3,11,0
Vayne,Renekton,6,7,3,0,47.368421052631575,47,0,3,1098,423,6751,27013,29.328442575720082,22,0.8257735550684883,4,4,4,12,0
Vayne,Nasus,2,4,2,1,20.0,30,0,4,705,968,6436,7277,16.74354360287843,11,0.6939522794936225,2,2,1,7,0
Nasus,Aatrox,0,4,0,0,0.0,-8,-4,0,-1522,-1651,10470,13847,38.51546481192743,9,0.6300069140065142,1,1,0,6,0
Kennen,Nasus,8,6,8,1,51.61290322580645,33,0,2,1021,1439,7966,27552,27.207720263171502,22,0.7921620471085709,4,4,3,11,0
Vayne,Renekton,2,5,0,0,25.0,-13,0,2,-787,-1810,12236,14772,36.13721598564945,11,0.7270256100023803,2,2,0,7,0
Vayne,Gwen,4,8,3,0,26.923076923076923,2,0,4,-681,-711,7364,31728,23.63963340249818,25,0.8307520544087922,2,2,6,9,0
Aurora,Cassiopeia,10,9,3,0,41.935483870967744,40,0,3,2076,2748,7432,30350,31.562503157786875,33,1.2607376433407336,4,4,5,11,0
Aatrox,Vladimir,0,6,3,1,11.538461538461538,-21,0,1,-1282,-1078,8672,18341,22.68317211781983,17,0.75607557868537,2,2,1,7,0
Zeri,Aurora,19,8,7,1,59.09090909090909,12,4,5,2418,-350,10311,47735,31.75489127070839,32,1.0462931794254302,5,5,10,16,0
Nasus,Poppy,7,3,14,1,60.0,32,0,3,607,1712,8579,44817,28.679599934078748,27,0.8439185674945404,6,4,2,15,0
Varus,Yone,8,5,9,1,50.0,42,0,5,1505,1149,9196,31504,31.945971757272652,16,0.7290896730663712,1,1,3,8,0
Nasus,Kennen,2,3,4,1,33.33333333333333,36,0,5,1415,1171,8718,10957,29.593537483213744,8,0.5702505235247112,1,1,0,5,0
Corki,Rumble,4,4,0,1,16.666666666666664,20,0,5,1907,947,9365,11110,20.491381255245543,8,0.5469169586067358,1,1,0,6,0
Nasus,Mordekaiser,5,5,2,0,53.84615384615385,28,-2,4,1979,1759,8851,21513,33.14323118075383,22,0.9188025034630621,2,2,2,8,0
Kennen,Volibear,3,4,2,0,25.0,32,0,1,89,-324,7896,23070,25.53435298125459,16,0.6556105860186924,0,0,2,8,0
