champion,opponentChampion,kills,deaths,assists,win,killParticipation,csdiff14min,jungleCsdiff14,turretPlatesTaken,golddiff14min,xpDiff14,dmgChamps14,totalDmgChamps,teamDamagePercentage,visionScore,visionScorePerMinute,visionWardsBoughtInGame,controlWardsPlaced,wardTakedowns,wardsPlaced,completeSupportQuestInTime
Nasus,Renekton,5,3,3,1,20.0,-39,0,0,-2960,-2269,5378,15248,12.115009443577227,15,0.5374682943688289,1,0,3,4,0
Vladimir,Warwick,5,2,8,1,41.935483870967744,14,-4,0,233,682,11819,26715,28.596418619070608,20,0.804464797181308,3,2,2,7,0
Rumble,Fiora,9,6,5,0,51.85185185185185,24,0,5,2248,680,9788,49527,32.85856686822437,22,0.6452102644868721,4,3,2,6,0
Rumble,KSante,6,0,5,1,55.00000000000001,37,0,3,2711,1790,14209,16575,31.779224239419285,8,0.5362898041768817,1,1,0,5,0
Renekton,Riven,8,0,8,1,57.14285714285714,79,0,5,4614,4390,9840,19777,28.194387987610586,13,0.5890106052862211,2,1,3,4,0
Rumble,Kennen,3,2,3,1,30.0,11,0,1,334,57,6376,10742,24.386840421185287,4,0.3127797266453272,0,0,0,3,0
Gnar,Rumble,5,6,3,0,42.10526315789473,35,0,4,937,1502,6027,20131,24.64397647577793,32,1.2759797045317864,3,2,8,7,0
Aurora,Riven,5,6,8,0,61.904761904761905,33,0,4,429,414,7293,23146,28.36744264098334,23,0.8384651949691364,4,2,5,6,0
Gnar,Jayce,10,8,9,0,57.57575757575758,20,4,5,2289,1452,9455,36755,35.33491044308518,36,1.2219907532059053,3,2,7,7,0
Rumble,Renekton,2,5,7,1,25.71428571428571,-3,0,0,-442,-278,8502,25259,21.872167008276687,26,0.9728417409227155,4,3,3,8,0
Aurora,KSante,4,5,6,0,58.82352941176471,13,0,2,824,506,10806,26717,30.169215098089296,25,0.7456154871143427,5,4,7,6,0
Rumble,Trundle,4,3,9,1,59.09090909090909,44,0,4,2050,1802,10873,31285,34.40757062144344,23,0.950376095396571,3,3,5,7,0
Rumble,Shen,2,2,5,1,24.137931034482758,69,0,2,1367,1035,8558,21742,23.76972660192586,17,0.7873903100885961,3,2,4,6,0
Renekton,Akali,1,5,2,0,23.076923076923077,-10,1,0,-1454,-1457,8328,11549,26.043666778541635,8,0.42185069633926503,1,0,1,4,0
Vladimir,Ornn,7,2,6,1,36.11111111111111,38,0,2,1432,650,13485,26670,25.390693804723615,33,1.4175406132906845,3,3,4,9,0
Rumble,Varus,5,0,2,1,38.88888888888889,4,0,5,2473,1838,6107,8524,20.501909080659992,5,0.3385146185575442,1,0,0,4,0
Kennen,Karma,1,5,1,0,10.526315789473683,13,0,2,602,201,6238,15210,16.72696766416262,26,0.9631397931045458,3,3,3,9,0
Aurora,Nasus,9,2,7,1,44.44444444444444,16,0,3,2461,1954,12104,24207,24.69572248651207,20,0.929729647733323,4,3,2,8,0
Rumble,Vladimir,4,7,2,0,31.57894736842105,-2,0,0,-550,-1175,7285,28210,28.72415275887612,16,0.624788043064555,3,2,1,6,0
Jayce,MonkeyKing,8,4,6,1,38.88888888888889,32,0,2,860,845,7293,16748,20.910786539459856,16,0.6798226321965513,2,2,1,6,0
Rumble,Gwen,7,7,2,1,27.27272727272727,12,0,4,352,359,10865,25982,25.736093125401382,17,0.7521910069218226,3,2,1,5,0
Kennen,Rumble,7,6,3,0,55.55555555555556,-22,0,0,-308,-578,8553,17994,28.244916539030797,18,0.8015331783322871,3,2,4,7,0
Rumble,Quinn,5,1,4,1,29.03225806451613,70,0,5,3646,2570,5459,15655,19.626968591770417,16,0.765720359267557,3,2,1,6,0
Rumble,Quinn,3,3,2,1,25.0,31,0,1,1277,1291,8882,8882,22.040351104511583,13,0.8570485161529078,3,2,0,7,0
Varus,Rumble,1,6,6,0,41.17647058823529,16,0,2,63,162,5383,12060,19.016346558907898,24,1.0061362087613774,3,3,1,10,0
Rumble,KSante,5,8,18,1,67.64705882352942,15,0,0,-241,-497,12311,34096,24.956022211240374,20,0.6656872149891673,2,1,3,4,0
Rumble,Vladimir,3,0,2,1,38.46153846153847,36,0,5,2241,1616,11731,12447,34.65692735187776,3,0.20065322372109592,3,0,0,2,0
Gnar,Gragas,5,1,9,1,41.17647058823529,12,0,2,1310,1795,11278,27272,21.8832850508044,22,0.8691022979327496,3,3,4,7,0
Rumble,KSante,6,1,5,1,39.285714285714285,32,1,5,2609,2293,11122,23922,25.238938472696443,29,1.1745151630608355,3,3,1,9,0
Rumble,Aatrox,12,2,7,1,47.5,49,0,3,2278,2486,10199,32917,28.05666397317024,25,0.8726973871355388,4,3,4,6,0
Jayce,Karma,4,4,4,0,53.333333333333336,5,-2,0,661,-189,7563,18835,29.275976881765704,15,0.767669296832869,2,2,4,5,0
Vladimir,Lucian,2,4,3,0,55.55555555555556,50,0,2,1674,2492,8998,11552,31.440084719288492,6,0.4237754815477449,1,0,0,4,0
Gragas,Rumble,6,8,9,1,40.54054054054054,-6,-3,0,-1507,-1215,4270,14898,17.26165372480616,11,0.49279397472344144,1,0,1,6,0
Aatrox,Vladimir,2,10,5,0,21.875,12,0,4,34,-43,8081,17696,18.424530865542106,13,0.47903529975756187,0,0,3,6,0
Vladimir,Warwick,9,5,8,1,45.94594594594595,-17,-6,4,-2348,-753,12036,38956,30.8456221128672,6,0.2558430839178726,2,0,0,3,0
Jayce,Aatrox,2,3,0,1,8.695652173913043,9,0,3,347,-998,10027,10363,22.490544598460925,10,0.7003614558052311,1,1,2,5,0
Aatrox,KSante,6,2,6,1,30.76923076923077,24,0,3,907,113,9220,37783,20.441177450322154,30,0.8825039353301019,4,3,9,7,0
Kennen,Garen,17,9,4,0,43.75,34,0,4,2457,1883,10551,49050,30.957052105515913,41,1.2529975283959398,5,4,10,8,0
Kennen,Vladimir,1,9,5,0,25.0,4,0,4,-1365,-787,11407,24830,23.31333363028086,29,0.9550593639238898,4,2,6,5,0
Jayce,Rumble,10,9,11,1,50.0,7,0,2,-202,-349,8663,34297,23.264099448088682,30,0.8826339195131306,4,3,6,9,0
Kennen,Sett,1,0,2,1,18.75,85,0,5,2870,1521,9986,11993,29.830340248771765,6,0.4376445178138925,1,1,0,4,0
Rumble,Pantheon,14,6,7,1,58.333333333333336,22,0,3,1093,797,7822,62957,36.177082632064575,13,0.3640344848480806,3,2,4,5,0
Jayce,Singed,12,2,15,1,54.0,63,0,6,2653,1916,11658,66945,35.7514730331382,22,0.5961743444266685,2,2,6,5,0
Aurora,Illaoi,4,10,11,0,44.11764705882353,7,0,2,-200,278,12391,31450,20.49225728261657,18,0.5419677812888183,3,2,40,6,0
Kennen,Aatrox,0,7,2,0,20.0,16,0,3,-1014,-284,10527,22343,32.47659245105584,8,0.36942197041506175,1,0,2,2,0
Aatrox,KSante,5,4,8,1,40.625,11,0,0,71,-593,11130,25726,20.682855479708966,21,0.6917349087767198,2,1,4,6,0
DrMundo,Kennen,5,0,8,1,59.09090909090909,23,0,7,2230,2041,6768,28146,34.425924815342825,30,1.23180899639093,3,3,5,6,0
Kennen,Akshan,5,5,6,1,50.0,-4,0,1,-75,-157,5590,22518,27.35625508843685,22,0.8818675627879502,3,2,4,7,0
Aurora,Nasus,5,6,7,0,50.0,69,0,4,2290,2586,12713,34302,31.627425773088675,24,0.8839881715255868,2,2,4,5,0
DrMundo,Jax,5,2,7,1,36.36363636363637,18,0,4,1163,868,6977,25531,23.690539253685834,6,0.2653537240197861,1,0,0,3,0
Gnar,Camille,12,3,8,1,57.14285714285714,57,0,5,2549,1762,9799,42534,32.788583191168854,25,0.8429924947055705,3,2,5,6,0
Jayce,Gnar,4,2,2,1,26.08695652173913,55,0,5,3034,2055,10845,10845,24.99111268267748,12,0.8140318580147543,2,1,2,5,0
Kennen,Vladimir,10,6,7,1,50.0,-10,0,1,-271,-346,11539,32523,29.481182343963997,18,0.7073155378334088,2,2,3,5,0
Aurora,Akshan,1,6,3,0,57.14285714285714,-10,0,0,-1737,-873,6836,8749,27.069607145149043,6,0.42228848170913486,1,1,0,4,0
Kennen,Gragas,4,2,4,1,36.36363636363637,27,0,1,607,264,9946,17220,24.607395757613006,17,0.7082372690620528,3,2,1,7,0
Kennen,Yorick,13,4,7,1,60.60606060606061,18,0,5,2300,1083,9822,30734,34.51831929696901,13,0.46197810645755033,3,2,3,4,0
Kennen,Gwen,7,1,10,1,58.620689655172406,19,0,2,629,1447,9768,35129,30.251058371259692,22,0.7470787105109413,3,2,4,7,0
Aatrox,Kennen,1,6,3,0,16.666666666666664,-6,0,0,-27,537,5638,14449,13.28996146633708,20,0.6769149609091349,2,1,6,3,0
Jayce,Aatrox,6,9,7,0,40.625,35,1,5,2633,1612,9855,36365,23.492146532518106,15,0.5408983930440501,2,1,2,5,0
Aurora,Cassiopeia,10,6,7,1,53.125,26,-2,1,705,574,8675,24904,26.839595007544858,33,1.255802642951872,1,1,7,6,0
Rumble,Renekton,4,4,7,1,29.72972972972973,6,0,0,-13,475,10407,23484,21.36236217926205,15,0.6476082135578933,2,1,2,4,0
Smolder,Gnar,11,4,6,1,60.71428571428571,21,0,6,2461,1260,8724,37753,40.74174159141698,25,1.0291747217871101,2,2,5,5,0
Aurora,Quinn,0,6,2,0,18.181818181818183,42,0,3,-457,1043,6193,14919,29.293695726335255,10,0.45122344955899724,1,0,2,5,0
Rumble,Jayce,8,4,2,1,37.03703703703704,-18,0,1,-916,-465,7735,23550,25.29555253455542,33,1.1069244617063139,2,2,8,8,0
Jayce,Aphelios,7,9,5,0,46.15384615384615,-5,0,2,-765,-194,12220,30801,30.774468748412666,20,0.7416763826691519,2,1,3,5,0
TwistedFate,Kayle,7,5,2,0,52.94117647058824,40,0,5,2114,1400,9241,27008,30.407140649202603,29,1.1482965188610665,3,2,8,5,0
Kennen,Zed,7,3,4,1,25.581395348837212,58,0,5,1234,986,7312,21647,22.35076400619201,15,0.6693631438578742,3,2,1,5,0
Jayce,Kennen,5,5,2,0,63.63636363636363,25,0,2,1125,1321,7038,17888,28.100190940806584,19,0.823799105445057,2,1,3,7,0
Jayce,Lucian,1,3,4,0,71.42857142857143,-3,0,4,91,-43,7942,9217,28.215985605083127,7,0.4423372362074515,1,1,0,4,0
Malphite,Jayce,3,9,16,1,37.254901960784316,-34,0,1,-2631,-897,7346,18050,12.049429005037576,14,0.45201781268478014,2,0,2,5,0
Rumble,Irelia,10,6,12,0,66.66666666666666,-18,0,5,943,280,5585,31981,27.677138824905178,32,0.9939977111747522,4,3,2,11,0
Aurora,Chogath,4,3,4,0,47.05882352941176,40,-6,1,630,482,12019,26634,24.920432844449024,30,1.1433882756504223,3,3,5,8,0
Aurora,Gnar,1,3,3,0,33.33333333333333,-2,0,3,492,383,11035,17509,29.733706142793142,16,0.8413971559624491,2,1,3,7,0
Rumble,Varus,11,3,17,1,59.57446808510638,13,-2,4,1270,2294,7937,31552,24.266822974298773,14,0.5333574146133621,3,2,2,7,0
Gragas,Jayce,2,9,2,0,17.391304347826086,-10,0,0,-420,-400,6571,18054,13.680946527766668,14,0.5167497570786417,4,2,2,7,0
Aurora,Varus,6,5,12,1,42.857142857142854,-1,-2,3,264,25,7990,21455,18.128690557543464,31,1.0994240739254892,2,2,9,6,0
Rumble,Annie,9,7,17,1,49.056603773584904,32,0,4,1303,2207,4457,42460,21.374365961364177,26,0.6115314319083568,3,1,5,5,0
Aurora,Ornn,3,6,16,1,65.51724137931035,24,0,4,1351,1052,11536,46908,29.612512824494996,18,0.5665904648340236,1,1,2,6,0
Aurora,Pantheon,3,5,4,0,43.75,52,2,8,2143,2248,5959,29671,31.015116535978077,24,0.7775617062871157,4,3,2,6,0
Aurora,KSante,4,1,4,1,34.78260869565217,26,0,5,1797,1189,8302,15130,24.348234107455845,18,0.8777498443842052,1,1,3,5,0
Rumble,Yone,0,4,4,0,57.14285714285714,-32,0,0,-1263,-468,8481,12414,31.760057928123715,10,0.5251656293087504,1,0,1,6,0
Aatrox,Gnar,0,2,2,0,40.0,-2,0,2,-97,-639,6136,7244,26.236789571499923,7,0.4968586137971304,2,1,2,3,0
DrMundo,Renekton,1,3,4,0,33.33333333333333,-13,0,0,-745,-61,7795,15961,20.64362564784828,14,0.6441921767631574,1,0,5,4,0
Rumble,Ornn,7,5,5,0,44.44444444444444,21,0,3,758,964,9486,47464,31.915261364866225,27,0.7695601497351332,3,3,9,9,0
Jayce,Gnar,5,7,5,1,38.46153846153847,-12,0,1,-626,-745,10670,21644,26.89820145308481,19,0.7351798608303733,3,1,3,5,0
Kennen,Aurora,12,7,6,0,41.86046511627907,41,-2,3,1867,1179,11982,42384,22.96489094288348,26,0.728447545906516,2,2,7,6,0
Jax,Rumble,10,6,6,1,38.095238095238095,-20,0,1,-1038,-1008,4591,22698,18.445710535116806,20,0.6457258677419283,3,2,4,6,0
DrMundo,Aatrox,4,11,10,1,33.33333333333333,-24,0,4,-473,-881,6757,39686,16.501545388849827,38,0.9786082206638825,3,3,12,6,0
DrMundo,Varus,6,2,1,1,25.0,4,0,5,1808,1137,8141,10519,20.90127814802559,9,0.5899968779386277,2,1,2,4,0
Gnar,Varus,3,2,3,1,30.0,-13,0,3,489,302,4705,5708,13.038795063678368,6,0.3680641574482331,2,1,0,4,0
Gnar,Camille,6,8,8,1,58.333333333333336,10,0,1,-1034,-146,11106,24041,31.7036244373955,27,1.1187678228169533,3,3,4,9,0
DrMundo,KSante,5,2,8,1,43.333333333333336,47,0,4,1017,1631,8966,18663,23.773228318952828,20,0.8632606748422047,2,2,4,6,0
DrMundo,Gnar,6,4,7,1,33.33333333333333,-12,0,2,-680,-675,7849,26624,22.397799783343714,15,0.5941126706020612,1,0,3,5,0
Rumble,Aatrox,10,5,6,0,61.53846153846154,13,4,5,2368,1168,10028,37199,39.804565468597794,13,0.5141202074322377,1,0,3,4,0
Gnar,Darius,3,4,5,1,29.629629629629626,3,0,1,-190,224,7194,17829,19.135861004506456,19,0.8369064762695388,1,1,2,6,0
DrMundo,Gragas,4,1,4,1,50.0,-1,0,3,207,226,11016,21670,29.783911082951516,11,0.5562236423800963,2,1,1,4,0
Jayce,Aatrox,5,4,8,1,48.148148148148145,9,0,2,-261,-478,11380,27721,28.648745732643683,21,0.836929555995492,2,1,4,7,0
TwistedFate,Garen,3,2,3,1,21.428571428571427,7,0,3,861,-133,7136,19032,23.313840721186335,11,0.4929443160328259,3,2,3,4,0
