champion,opponentChampion,kills,deaths,assists,win,killParticipation,csdiff14min,jungleCsdiff14,turretPlatesTaken,golddiff14min,xpDiff14,dmgChamps14,totalDmgChamps,teamDamagePercentage,visionScore,visionScorePerMinute,visionWardsBoughtInGame,controlWardsPlaced,wardTakedowns,wardsPlaced,completeSupportQuestInTime
Fiora,Renekton,3,10,12,1,34.883720930232556,-10,0,2,94,-154,12547,42704,21.603141837857848,15,0.43536596983030273,0,0,4,4,0
Fiora,Illaoi,6,6,7,1,31.70731707317073,-18,0,0,-1145,-248,9921,21392,19.472764027823004,10,0.46401623383760754,0,0,21,5,0
Fiora,Vladimir,5,0,0,1,29.411764705882355,73,0,5,3379,2437,8278,9534,22.635324239708705,6,0.43321864323866005,0,0,3,2,0
Fiora,Sion,0,4,2,1,8.695652173913043,-2,0,0,-564,-952,7067,14437,12.175657732473736,14,0.4963553703437128,0,0,4,4,0
Fiora,Udyr,3,4,0,0,60.0,24,0,1,381,910,7040,10429,30.830247868288176,5,0.31641193520995237,0,0,0,4,0
Renekton,Jax,2,5,4,1,23.076923076923077,-24,0,0,-1176,-1184,7706,10960,14.173985462043282,13,0.6147219784233257,0,0,1,6,0
Fiora,Jayce,1,6,0,0,25.0,-25,0,1,-2839,-1906,5771,6325,24.96145947507654,9,0.6079890662945948,0,0,1,4,0
Olaf,Gnar,3,6,0,0,18.75,-28,4,0,-2800,-2196,6573,13094,20.150676850489663,16,0.6861623932047174,0,0,3,7,0
Fiora,Leblanc,8,3,1,1,28.125,40,0,5,2582,1798,5300,21440,19.78876192013786,13,0.46002208478558765,0,0,2,4,0
Fiora,Warwick,5,3,10,1,45.45454545454545,0,0,5,343,823,3872,24747,21.401468427679994,23,0.7655853878207826,0,0,9,5,0
Fiora,Irelia,5,7,4,1,45.0,-17,0,0,-1485,-1613,6452,16011,18.458923902610458,13,0.5209817420972077,0,0,2,6,0
Fiora,KSante,7,6,10,1,47.22222222222222,19,0,3,1397,321,8687,32082,22.48811177668342,21,0.5247845401431496,0,0,1,10,0
Gwen,KSante,3,10,5,0,28.57142857142857,10,0,1,-1060,-903,10053,24412,19.045253593457804,25,0.7942464558576209,0,0,7,10,0
Smolder,KSante,4,8,10,1,43.75,-34,2,1,-2376,-1989,5908,43477,26.09716506901867,37,0.937544630422899,0,0,10,12,0
Fiora,Jayce,7,2,4,1,52.38095238095239,29,0,5,3807,1093,5442,16230,27.527059092777872,23,1.070490658248775,0,0,7,4,0
Renekton,Vladimir,7,4,1,0,44.44444444444444,9,0,5,1530,1287,9473,22597,29.370438646414915,7,0.3031493397229215,0,0,0,4,0
Vayne,Udyr,1,7,0,0,7.6923076923076925,12,0,1,-857,-2172,10002,13655,28.453076935708193,9,0.4858616856408608,0,0,1,5,0
KSante,Ryze,6,7,9,0,42.857142857142854,-17,2,2,-395,-460,2716,22922,17.387167694595128,25,0.6908630870732153,1,1,3,10,0
Fiora,Udyr,4,7,0,0,30.76923076923077,2,0,4,-1720,-1771,6931,16186,24.387064123759494,13,0.5684224428705681,0,0,0,7,0
Fiora,Jax,11,4,6,1,65.38461538461539,37,0,5,2466,1374,11048,58433,37.98467345972816,17,0.5545959832183758,0,0,4,5,0
Fiora,Jayce,3,6,0,0,27.27272727272727,-9,0,2,-1079,-414,5460,12757,20.754225908397927,9,0.38000177961142584,0,0,1,4,0
Kennen,Yone,4,7,11,0,34.883720930232556,8,0,0,209,512,5290,33615,18.506578725663342,21,0.5435321888941181,1,1,5,12,0
Gnar,Warwick,2,9,9,0,39.285714285714285,17,0,5,855,279,8575,22663,21.72215854216923,13,0.45020589095192065,0,0,0,6,0
Renekton,Darius,4,4,10,1,50.0,16,0,3,70,51,5406,16386,16.021682049409456,18,0.6717444680231267,0,0,3,8,0
Olaf,Rumble,1,3,1,0,66.66666666666666,15,-4,0,136,-234,4493,4927,20.579217162422633,4,0.2665821435960764,0,0,0,3,0
Renekton,Darius,1,4,0,1,4.0,-29,2,1,-1587,-1268,4193,6653,11.212837691980733,11,0.6028075846660441,0,0,2,4,0
Kennen,Renekton,4,10,2,0,26.08695652173913,38,-2,4,1267,979,9854,29074,28.342585602583615,16,0.5019701220669163,0,0,3,6,0
Aatrox,Warwick,2,6,0,0,18.181818181818183,-3,2,1,-2546,-1198,7892,8789,23.16644225330151,4,0.2941098370395892,0,0,0,3,0
Rumble,Karma,2,4,2,0,44.44444444444444,-4,0,2,166,-51,6718,13432,25.948822570016688,10,0.5523658197737343,0,0,1,6,0
Camille,Karma,7,8,10,1,44.73684210526316,-8,0,1,418,96,4279,31569,22.175807965407664,22,0.6186982280750745,0,0,4,8,0
Fiora,Rumble,4,8,11,1,51.724137931034484,-24,0,0,-2248,-680,4235,27410,16.254992970756128,25,0.7189897232050982,1,1,5,8,0
Jax,Fiora,6,1,1,1,25.0,10,0,1,-420,-812,5164,17605,20.202251997526556,11,0.47281431519922296,0,0,1,6,0
KSante,Yone,2,5,6,0,50.0,2,0,2,-147,252,5251,15595,23.234763280791785,7,0.31268226430534873,0,0,0,5,0
Fiora,Vladimir,0,8,3,0,15.0,-18,0,0,-2550,-1575,9700,20679,21.934205880024383,17,0.552254911012867,0,0,3,7,0
Fiora,KSante,5,7,0,0,27.77777777777778,23,0,4,2414,788,10447,27459,32.307870003133004,13,0.4757809637170251,1,1,4,3,0
Fiora,Riven,7,8,6,0,56.52173913043478,42,0,3,1722,1164,7527,33845,32.15939310962197,12,0.41817838458583534,0,0,5,3,0
KSante,Sett,4,3,7,0,35.483870967741936,10,0,0,683,1552,7135,17496,17.497313765596992,19,0.7200599026898897,0,0,3,9,0
Camille,Jayce,6,2,11,1,56.666666666666664,-17,0,0,452,883,8260,17322,22.667088409078982,9,0.43561358596102495,0,0,3,3,0
Olaf,MonkeyKing,5,8,4,0,29.03225806451613,-17,0,0,-1766,-925,7273,19702,19.524726422610556,13,0.48736740091883374,0,0,3,5,0
KSante,DrMundo,4,1,5,1,45.0,18,0,5,932,454,5004,18934,24.931637330716867,10,0.43725032600780944,0,0,2,4,0
Fiora,Kalista,3,0,4,1,31.818181818181817,-17,0,0,248,966,4466,9291,13.589099029020435,14,0.5916617190406688,0,0,4,4,0
Fiora,Renekton,7,2,6,1,40.625,0,0,0,-534,-418,9983,28308,24.625570574426202,22,0.7435270758582482,0,0,8,8,0
Fiora,Gnar,10,7,3,0,68.42105263157895,50,0,5,2749,1972,8288,24792,36.533180496152134,10,0.4370165564557224,0,0,2,5,0
Gwen,Nasus,2,6,1,0,23.076923076923077,32,-2,0,657,617,7582,26855,29.34720804120025,17,0.6067599107009053,0,0,3,8,0
Fiora,Udyr,9,3,9,1,52.94117647058824,15,0,3,876,671,5422,23237,22.50934142496394,13,0.5290896200493026,0,0,2,6,0
Camille,Karma,0,4,1,0,11.11111111111111,5,0,1,-107,-553,3551,7905,19.293669971129273,4,0.24513924933434897,0,0,0,3,0
Aatrox,Yone,2,5,10,1,44.44444444444444,-6,0,1,-309,224,8679,21215,21.858898830671407,20,0.7361786508252233,0,0,2,9,0
Jax,Irelia,13,9,12,1,51.02040816326531,34,-2,2,1808,1729,12178,35465,20.07166809856588,25,0.6975965535121372,0,0,3,12,0
DrMundo,Ornn,2,4,7,1,47.368421052631575,-21,0,1,-887,-1483,9154,16892,24.808484451417293,10,0.5103173317656993,0,0,1,6,0
Fiora,Kennen,3,4,5,0,40.0,-5,-2,0,47,-242,4815,15401,17.66869356605322,13,0.5037595175617327,0,0,4,4,0
Kennen,Teemo,6,4,7,1,43.333333333333336,20,0,1,486,649,5148,17888,23.83035168479627,16,0.6902276111366108,1,1,7,3,0
Camille,Gnar,9,6,6,1,50.0,11,0,5,450,118,1894,27888,22.382747984167615,14,0.4803635823271479,1,1,3,6,0
Gwen,Renekton,4,6,2,0,66.66666666666666,5,0,3,171,-165,7992,14938,33.41429398484902,12,0.5884082883760043,0,0,3,4,0
Rumble,KSante,1,4,12,1,35.13513513513514,-2,0,0,-1132,-1387,11153,18880,19.710698159692633,8,0.3784296066274289,0,0,0,6,0
Gwen,Sion,8,3,2,1,40.0,32,2,4,1793,1546,10795,27372,36.78167468635253,14,0.6510114986954547,0,0,3,4,0
Fiora,Riven,12,3,6,1,62.06896551724138,21,0,6,3062,1349,7173,25073,28.186499433131225,13,0.5686661856011516,0,0,6,2,0
Fiora,Gangplank,9,9,7,1,47.05882352941176,24,0,5,1706,696,9103,30551,23.61668717992331,23,0.7116628185341023,0,0,6,4,0
Fiora,Gangplank,11,3,8,1,47.5,7,0,4,820,446,7477,27433,26.734486602091778,24,0.8843469761521513,1,1,8,6,0
Fiora,Yone,0,5,0,0,0.0,-4,0,0,-1097,-1464,6994,15297,27.529180222770883,13,0.5944869132566877,0,0,2,6,0
Fiora,Renekton,13,5,8,1,58.333333333333336,4,0,5,562,511,10511,35649,29.591849981907302,20,0.7148828928005034,1,0,6,4,0
Fiora,Kennen,8,0,3,1,47.82608695652174,24,4,9,3475,2510,8923,21157,32.345535197092175,17,0.8010433655107205,0,0,5,6,0
Fiora,Malphite,3,0,0,1,20.0,26,4,4,1861,826,6391,6391,20.859904779531107,5,0.38256325749189646,0,0,0,3,0
Fiora,Darius,2,7,5,1,24.137931034482758,1,0,1,406,-84,6538,12944,14.76443862607689,16,0.6230265734548824,0,0,4,6,0
Fiora,Smolder,9,2,3,1,41.37931034482759,20,-2,4,1317,1326,5543,23034,32.07065584001977,3,0.17989593894389347,0,0,2,1,0
Kennen,Nasus,0,7,2,0,10.0,-11,0,2,-861,-509,6117,14843,21.638913642394037,8,0.3398077437849839,1,0,0,5,0
Fiora,Kennen,4,6,0,0,28.57142857142857,-13,-2,2,-1202,-1948,2636,11444,17.617479212797377,17,0.7664980396710485,0,0,4,5,0
Fiora,Kennen,8,4,3,1,32.35294117647059,18,6,0,1248,1072,8346,16217,20.652817502422746,1,0.08049894182704803,0,0,0,1,0
Fiora,KSante,9,0,1,1,50.0,40,2,4,3475,2388,12558,19073,34.90645728195115,10,0.6018853400229554,0,0,2,5,0
Fiora,Aurora,5,5,1,1,31.57894736842105,18,-2,1,-535,-931,9219,12625,24.93669253947826,6,0.374735098982013,0,0,0,4,0
Fiora,KSante,9,5,3,1,29.268292682926827,29,0,3,1214,1473,8438,29665,23.77486418177448,13,0.4937351968927099,0,0,2,7,0
Fiora,Rumble,2,5,2,0,57.14285714285714,2,0,2,228,324,4897,11557,29.068490722420627,14,0.7038299119195427,0,0,3,5,0
Fiora,Aurora,8,5,4,1,42.857142857142854,-4,0,2,-612,-518,7726,21451,24.336993054903157,27,0.9962072636481356,1,0,10,5,0
Vayne,Gnar,4,8,1,0,33.33333333333333,21,0,1,83,-199,7183,17540,27.10678425243841,10,0.39730686862992126,0,0,2,6,0
Fiora,Udyr,1,8,2,0,14.285714285714285,-2,0,2,-1349,-1476,9889,22477,24.438138232668,16,0.5512032733582559,0,0,4,3,0
Fiora,Aatrox,5,7,5,1,32.25806451612903,-4,0,1,-297,-124,8665,26419,22.975047532963142,15,0.495948036551718,0,0,4,6,0
Fiora,Kennen,8,5,6,1,46.666666666666664,-8,0,2,762,470,8441,17755,25.119739509608646,10,0.47129003063543173,0,0,1,6,0
Quinn,Jayce,10,6,10,1,55.55555555555556,36,4,2,2253,2760,7917,27043,25.427211121359345,20,0.8501941092700405,1,1,3,4,0
Camille,Nasus,3,10,3,0,19.35483870967742,-45,0,0,-2831,-2390,8173,17880,16.366741584025345,11,0.38801094420100213,0,0,1,5,0
Rumble,Gnar,5,3,7,1,41.37931034482759,47,0,2,1957,1568,8996,23605,26.168920073381496,16,0.6778004867384332,1,1,0,7,0
Fiora,Singed,1,6,6,0,33.33333333333333,35,0,2,975,633,5519,16463,21.71770720087937,15,0.5992501236203246,0,0,2,7,0
Varus,Singed,8,7,9,1,31.48148148148148,56,0,4,1897,2189,2942,33377,18.723858184064778,13,0.36538663721152104,0,0,3,8,0
Fiora,Singed,10,0,1,1,55.00000000000001,19,4,7,3847,1838,9348,17475,29.560240611926513,7,0.3891040323572801,0,0,0,4,0
Fiora,Jayce,7,6,4,1,33.33333333333333,18,0,3,735,487,8456,20732,26.409492501785238,11,0.5451230234933825,0,0,3,4,0
Vayne,Kaisa,4,5,2,1,26.08695652173913,9,0,0,234,1017,8418,15410,27.75001136640008,10,0.5935692737091319,0,0,1,6,0
Kled,Quinn,11,3,8,1,52.77777777777778,-2,0,1,-521,26,7537,23455,23.73998519913778,14,0.5820989550128728,1,1,4,3,0
Renekton,Gangplank,6,6,5,1,36.666666666666664,-13,-4,4,-422,-1388,8340,17001,16.35879395799768,14,0.6101182025470997,1,1,0,7,0
Fiora,Camille,2,10,5,0,29.166666666666668,-3,0,0,-1564,-1269,7229,20401,20.4997753986681,16,0.5612086915836392,0,0,3,9,0
Fiora,Kennen,0,3,0,0,0.0,-38,0,0,-2360,-2736,3933,3970,14.994277587344188,5,0.3290793488974222,0,0,1,2,0
Fiora,Jax,4,4,2,0,23.076923076923077,7,-2,2,340,-597,8147,33105,25.25635621683048,36,0.9183597189124632,1,1,8,10,0
Jax,Nasus,7,4,6,1,50.0,-14,0,2,-1932,-2031,6493,15507,22.06914049901201,3,0.18839732960345887,0,0,0,4,0
