champion,opponentChampion,kills,deaths,assists,win,killParticipation,csdiff14min,jungleCsdiff14,turretPlatesTaken,golddiff14min,xpDiff14,dmgChamps14,totalDmgChamps,teamDamagePercentage,visionScore,visionScorePerMinute,visionWardsBoughtInGame,controlWardsPlaced,wardTakedowns,wardsPlaced,completeSupportQuestInTime
Rumble,Jax,3,1,9,1,52.17391304347826,2,0,0,-82,194,4197,12815,21.594683111537407,18,0.9525260700491209,3,2,1,7,0
Rumble,Yone,4,4,11,1,32.608695652173914,-8,-4,0,-72,221,12096,21328,18.16369832860481,32,1.186554459561092,6,5,4,11,0
Renekton,Kennen,6,4,7,1,36.11111111111111,-38,2,0,-1267,-979,3286,15770,14.741078533851429,28,0.8831285352013697,7,6,1,11,0
Camille,Olaf,7,4,5,1,35.294117647058826,-11,0,0,-590,95,5850,15488,18.04826959022871,23,0.902184667444469,2,1,4,9,0
Renekton,KSante,6,3,8,1,51.85185185185185,37,0,6,4098,2456,12076,27280,29.644760252160623,19,0.828610189897964,2,1,2,4,0
Rumble,Yasuo,6,5,10,1,39.02439024390244,-4,0,2,1085,1248,8090,30607,25.737044244727386,22,0.7430870230978286,4,4,2,14,0
Rumble,Warwick,11,3,5,1,43.24324324324324,-2,0,0,-190,389,11349,21089,22.179525122102962,10,0.4493036238568976,1,0,0,6,0
Olaf,Ornn,8,2,6,1,66.66666666666666,20,0,3,1270,1022,5296,28921,32.55623789141733,25,0.8948750104994828,3,2,5,7,0
Kennen,Rumble,6,2,10,1,48.484848484848484,-24,3,2,-506,-614,4572,31433,25.18239819627687,27,0.8797677977207368,3,3,6,8,0
Rumble,Renekton,5,2,1,0,60.0,2,-2,1,644,680,8831,18338,28.92913715064053,16,0.6539363015658871,2,2,0,10,0
Rumble,Ornn,5,5,9,1,40.0,41,0,1,1297,971,10607,32650,21.546853810822533,26,0.8159605665833682,4,4,5,14,0
KSante,Kennen,4,0,2,1,35.294117647058826,35,0,3,2625,3194,6422,6489,18.460618135149556,15,1.0338626986242425,3,2,1,6,0
Camille,KSante,5,0,2,1,46.666666666666664,27,0,3,1714,1654,6445,10327,28.318525659667205,9,0.6303873975133556,2,1,0,5,0
Akali,Vayne,4,8,10,0,53.84615384615385,-55,0,1,-1418,-2150,6310,21754,24.907163044596846,7,0.28547330115979574,0,0,0,4,0
Ornn,Renekton,0,4,3,0,27.27272727272727,-32,-1,0,-1497,-1305,7765,15439,24.275027469457243,19,0.8707131979113456,2,2,3,8,0
Gwen,Aatrox,3,8,4,0,41.17647058823529,-1,0,5,445,53,9366,21455,28.226818228673228,20,0.7493064148487809,3,2,4,8,0
Renekton,Jayce,5,1,3,1,29.629629629629626,-8,0,1,1207,1020,6700,8743,18.03641206441238,14,0.8690581501192645,2,2,0,7,0
Irelia,Aurora,1,9,3,0,25.0,-3,0,0,-1346,-746,7215,16496,22.409413539646827,8,0.3175804052110921,0,0,1,4,0
Renekton,Nautilus,6,5,1,0,35.0,68,6,5,2764,1662,6913,16587,22.017851596006892,23,0.929465941339283,4,3,4,7,0
Ryze,Teemo,7,3,2,1,23.684210526315788,25,0,4,1456,1035,7937,13699,19.50511591976122,17,0.8832910601036067,2,2,1,7,0
Renekton,KSante,2,5,9,1,36.666666666666664,-16,0,0,-2735,-1406,7221,16017,17.979976309558467,14,0.5533998844875914,1,1,1,6,0
KSante,Rumble,6,3,11,1,43.58974358974359,-23,0,0,-1215,383,5565,19433,14.864150093394263,28,0.9367761244852877,7,5,5,10,0
Kennen,Aatrox,5,5,9,1,48.275862068965516,-7,0,1,-216,-410,8130,21172,21.827091446468092,13,0.5319865531418504,2,2,1,6,0
Ornn,Renekton,2,0,12,1,77.77777777777779,-18,0,1,184,669,10403,19997,30.04730117373536,20,0.8771721592780312,2,2,0,7,0
Malphite,Aatrox,2,1,7,1,64.28571428571429,-2,0,3,-54,568,3752,11311,18.74308487268641,26,1.0326128084516462,2,2,5,9,0
Olaf,Zeri,3,4,1,0,28.57142857142857,-34,-7,1,-2265,-1773,3313,9189,12.571053553130012,19,0.7791790714028977,2,2,2,7,0
Malphite,Jayce,3,4,12,0,57.692307692307686,-38,0,0,-2400,77,6566,19197,13.971488727361889,28,1.0191763952574813,4,2,5,7,0
Kennen,Rumble,1,3,1,0,13.333333333333334,0,0,1,-207,221,4675,7396,17.141166199666433,19,0.8562152921097484,2,2,4,7,0
Malphite,Gragas,5,2,1,1,26.08695652173913,-19,0,0,-458,-370,9511,13210,22.499313114621046,16,0.9438936334695172,4,4,3,9,0
Rumble,Akshan,4,1,1,1,22.727272727272727,4,2,3,483,707,4609,8465,13.215414608361865,28,1.126965855824774,2,2,1,9,0
Camille,Yasuo,6,5,2,0,53.333333333333336,-22,4,3,1766,-71,6076,14236,20.073388277580005,13,0.550558476929237,3,2,2,5,0
Rumble,Zeri,2,2,2,1,19.047619047619047,-6,2,1,-381,291,8445,8445,21.664847953695816,8,0.5394854266019259,1,1,0,6,0
Rumble,Ornn,8,8,11,1,45.23809523809524,3,0,1,911,266,9341,27917,20.155842953747282,23,0.8385535573804626,4,4,1,10,0
Renekton,Ornn,1,6,5,0,46.15384615384615,-2,0,2,-833,-820,6999,18829,15.655363647243426,30,0.9553828298683055,4,4,9,8,0
Ornn,Renekton,2,2,3,1,21.73913043478261,15,2,5,1110,858,10206,14815,21.80820011315218,13,0.608143276566705,2,1,1,5,0
Renekton,Varus,6,5,4,0,66.66666666666666,23,0,5,1863,2044,8448,12108,21.260881922370427,20,0.876110238619646,5,5,2,8,0
Malphite,Pantheon,3,1,3,1,31.57894736842105,-15,0,3,57,584,5237,6577,16.04859124422217,10,0.7138282197667963,1,1,1,7,0
Kennen,Aatrox,14,4,10,1,61.53846153846154,29,0,0,1380,712,9688,48805,36.81698471587501,37,1.1007578269260652,6,6,7,11,0
KSante,Jax,6,4,5,1,35.483870967741936,10,0,2,959,817,8205,20016,20.122143814014407,12,0.595944271487488,2,1,1,5,0
Kennen,Malphite,6,8,14,1,51.28205128205128,-32,0,0,-1173,-2027,6508,27299,20.34788701413102,25,0.8791641850716384,5,5,6,10,0
Varus,Kennen,3,8,10,1,32.5,-46,0,0,-2025,-1853,3079,15360,9.64788257636623,27,0.7203652579071897,6,5,5,16,0
Aatrox,Shen,4,5,14,1,62.06896551724138,18,0,3,-696,-252,8070,29689,25.221944743618796,29,1.0994681265285025,4,3,5,9,0
Olaf,Varus,8,5,6,1,60.86956521739131,-19,0,0,-58,-250,6387,16373,28.373895156944258,16,0.7846199952322116,4,3,0,7,0
Renekton,Gnar,2,3,6,1,27.586206896551722,-18,0,1,-519,-1198,6463,15511,12.865014681125581,13,0.5446024012038848,2,1,0,6,0
Irelia,Aatrox,1,7,3,0,36.36363636363637,24,0,1,-141,-545,3964,17050,19.298673958034446,17,0.6612165023297982,2,2,2,7,0
Nasus,Kennen,4,6,8,0,52.17391304347826,-15,0,0,-386,-536,6166,13335,14.441596075575028,29,0.869564021861755,4,4,6,8,0
Gwen,Shen,3,2,9,1,38.70967741935484,28,0,3,1055,704,7947,17253,21.314703780227234,15,0.756311905265774,3,2,3,6,0
Rumble,Ornn,3,4,4,1,28.000000000000004,17,2,1,471,590,9015,15001,19.44235984858265,15,0.704817127652001,5,5,1,10,0
Rumble,Vladimir,6,4,12,1,48.64864864864865,7,0,5,1379,1299,9275,27105,21.27462546337636,18,0.6655649819748406,4,3,0,11,0
Rumble,Varus,7,8,8,0,53.57142857142857,30,0,2,1497,1870,9603,28042,29.470344429083724,23,0.8717944910144778,4,4,2,9,0
Ornn,Renekton,2,2,14,1,51.61290322580645,-54,0,0,-2333,-1884,7367,17307,14.337140219695005,17,0.5864734367450674,3,3,1,9,0
Jax,Yone,4,4,0,0,57.14285714285714,23,0,3,500,722,5980,16027,35.7716809968365,16,0.7359533891817309,3,3,2,9,0
Kennen,Rumble,4,3,4,1,26.666666666666668,9,0,3,-790,383,3656,13368,17.782244799982884,23,0.9845543473820982,5,4,2,9,0
Rumble,Kennen,10,7,5,0,48.38709677419355,-3,2,0,1109,1609,9976,31674,29.500961092582845,28,0.8622352353754451,5,4,5,12,0
Kennen,Rumble,2,3,6,0,53.333333333333336,3,0,0,58,741,4506,14598,22.933136340237915,18,0.7660008641227818,1,1,3,6,0
Varus,Rumble,1,4,0,0,50.0,-22,0,1,-1363,-1139,5650,5650,23.247102377958388,6,0.44019818992016796,0,0,0,4,0
Rumble,Kennen,6,1,2,1,27.586206896551722,27,0,4,2717,2267,8560,9219,19.38817223775413,12,0.8360631277329132,3,2,0,7,0
Sylas,Gnar,5,3,10,1,38.46153846153847,-8,0,2,312,555,6594,24365,23.7472400712544,28,1.139873782491717,4,3,6,8,0
Malphite,Jayce,6,6,14,0,40.816326530612244,-23,0,2,-746,-429,6763,23209,14.811404259636571,38,1.0684996822833472,7,7,4,12,0
Camille,KSante,16,2,11,1,64.28571428571429,29,0,3,1442,1904,9875,34055,27.10265985915823,11,0.4147659518719604,1,0,3,3,0
Rumble,Riven,5,4,5,1,32.25806451612903,30,2,1,-49,1028,5311,21365,18.78312944304659,28,1.053876424284341,5,5,4,14,0
Jax,Corki,13,7,8,1,51.21951219512195,-29,0,0,-863,-1125,8185,32930,22.904027385542197,47,1.268791865267816,8,8,6,21,0
Camille,Fiora,14,2,12,1,57.77777777777777,23,-2,2,1076,1049,9864,46590,26.887949628958285,27,0.7636582754942091,3,3,5,8,0
Camille,Riven,6,8,7,0,35.13513513513514,5,0,4,-1562,-857,4599,21497,17.981069246719983,19,0.5713595005613019,1,1,4,5,0
Aurora,Camille,4,10,16,0,42.5531914893617,26,2,4,2051,2006,10404,41502,20.277926082343175,24,0.6350876546760857,4,4,4,9,0
Vayne,KSante,8,1,14,1,50.0,3,0,1,-123,443,8006,33015,23.45945492018785,27,0.9297555228110451,5,4,0,13,0
Gwen,Garen,8,6,5,0,76.47058823529412,30,0,6,2256,934,7910,32005,34.96211107712892,34,1.1847258994186871,5,5,8,10,0
Ornn,Kennen,2,1,8,1,29.411764705882355,9,0,1,942,1939,6010,10259,13.180902106776077,22,0.972974155643371,4,4,1,10,0
Renekton,Pantheon,3,3,1,0,23.52941176470588,8,0,3,555,1293,3554,7281,12.122674410967399,14,0.6351085688722328,3,2,0,7,0
Malphite,Jayce,2,4,3,0,41.66666666666667,-37,0,0,-2449,-582,6775,9627,18.126776525935053,14,0.7702110952055716,1,1,0,7,0
Olaf,Varus,4,1,2,1,35.294117647058826,12,0,4,1947,1371,4861,6103,18.347098408432576,7,0.4904485282104553,2,1,0,4,0
Renekton,Akshan,5,8,9,0,45.16129032258064,-17,0,4,-867,-982,7233,20649,22.496522677758353,16,0.6175483803551843,3,2,2,7,0
Aatrox,Rumble,0,5,1,0,11.11111111111111,22,-4,1,-452,337,4934,11141,17.829335498681143,8,0.3621958092737366,0,0,0,5,0
Renekton,Akali,9,3,11,1,54.054054054054056,12,0,2,1156,705,8157,24099,20.479218815310286,15,0.5366994788327463,3,2,2,6,0
Varus,Rumble,10,9,6,0,80.0,-20,0,0,-1134,-992,5893,22576,36.481502283916704,17,0.6647869298670306,3,3,1,9,0
Gwen,Aatrox,11,9,6,0,45.94594594594595,10,0,0,-116,182,8587,52801,36.0713142294158,25,0.8728532641435407,2,2,4,7,0
Jax,Smolder,2,1,3,1,21.73913043478261,8,0,1,530,743,6511,9487,22.37702015077165,12,0.7930088135914921,2,1,0,6,0
Gwen,Aatrox,6,6,8,0,63.63636363636363,-3,0,0,-419,-614,5403,26240,21.286645314467922,27,0.8392859323043941,5,5,5,10,0
Rumble,Akali,5,4,10,1,46.875,0,0,0,213,724,7624,22832,24.379464997199822,25,1.1402182536692491,4,3,2,10,0
Gwen,Shen,5,0,6,1,52.38095238095239,68,0,4,2882,2544,5950,15339,21.89905301055532,23,0.9833193164111967,4,2,2,8,0
Irelia,Aatrox,4,7,2,0,60.0,-27,0,1,-1388,-2630,5043,14333,21.093034562507867,9,0.442683260396962,2,1,0,6,0
Renekton,Irelia,9,2,5,1,51.85185185185185,12,0,3,1093,719,5306,15787,17.275423306661416,24,0.8990843997290529,2,2,4,8,0
Renekton,Rumble,1,10,4,0,38.46153846153847,-25,-8,0,-2746,-1719,6433,14547,18.515276300515442,14,0.5201481011938354,1,1,1,6,0
Renekton,Vladimir,7,8,6,1,36.11111111111111,-16,-4,7,288,53,6693,19367,16.336046682317267,16,0.5181705333301553,4,3,3,8,0
Malphite,Aatrox,1,8,14,1,39.473684210526315,-26,0,0,-1476,-874,5712,13613,10.476374863373996,21,0.7755502062483858,3,3,2,7,0
Gwen,Ornn,18,1,4,1,73.33333333333333,30,2,3,2129,539,9375,41454,39.87169713965816,26,0.9393882967039762,3,3,3,7,0
Jax,Irelia,7,2,9,1,59.25925925925925,-3,-6,3,-1573,-28,5026,21672,25.790720426564267,18,0.662212597126405,4,3,1,9,0
Rumble,Sion,11,6,12,1,62.16216216216216,-11,4,1,-1066,648,13250,52530,30.981297025782396,21,0.6457188490248924,3,3,3,10,0
Rumble,Illaoi,10,4,7,1,48.57142857142857,-4,0,0,223,-9,9240,31882,25.606920772948193,27,0.9042506023727226,5,5,18,11,0
