champion,opponentChampion,kills,deaths,assists,win,killParticipation,csdiff14min,jungleCsdiff14,turretPlatesTaken,golddiff14min,xpDiff14,dmgChamps14,totalDmgChamps,teamDamagePercentage,visionScore,visionScorePerMinute,visionWardsBoughtInGame,controlWardsPlaced,wardTakedowns,wardsPlaced,completeSupportQuestInTime
Ornn,Renekton,1,5,3,0,33.33333333333333,-36,0,1,-1243,-522,7051,15743,22.501047822141977,18,0.7280312563975662,3,3,1,9,0
Vladimir,Ryze,3,0,2,1,33.33333333333333,-2,-2,2,1416,834,5876,8502,22.615722499258023,18,1.171241565818902,3,3,4,8,0
KSante,Nocturne,6,5,8,0,63.63636363636363,-6,-4,1,-2006,-231,6545,19830,23.509436760742876,30,0.9843425379794173,5,3,4,10,0
Vladimir,Nocturne,1,0,5,0,85.71428571428571,8,0,2,412,1208,6416,8498,25.672035060916027,13,0.7708706582979796,2,2,0,8,0
KSante,Vladimir,6,4,9,0,45.45454545454545,34,0,4,1936,2189,7858,29632,21.640336723157542,41,1.2801424770317973,5,5,9,10,0
Vladimir,Jax,0,3,4,1,25.0,4,0,2,-822,-35,7141,10829,19.03424439307934,10,0.5908862097300968,2,2,1,8,0
Rumble,KSante,5,1,0,1,23.809523809523807,-2,0,1,-94,-335,8916,16583,28.55345928764287,8,0.4830421597312639,2,0,1,5,0
Rumble,Camille,8,7,5,0,68.42105263157895,47,0,2,1230,1062,9033,27096,32.64530603597128,16,0.7365405474162692,4,3,0,8,0
Renekton,Riven,7,2,6,1,65.0,8,0,1,839,1100,5551,15257,23.38066773112624,24,0.9222807939604346,4,4,5,9,0
Renekton,Jax,0,3,0,0,0.0,-3,0,1,-685,-359,8432,9556,30.65316463396427,8,0.5487997264262394,2,1,0,5,0
Rumble,Gragas,2,9,10,0,66.66666666666666,17,0,0,-487,-875,8682,39006,28.863678532294106,32,0.9167454533681569,5,3,5,8,0
KSante,Gnar,2,3,11,1,59.09090909090909,-17,0,0,69,571,4300,10491,17.087605099673777,15,0.7112266051394782,1,1,2,8,0
Rumble,Gnar,10,3,12,1,61.111111111111114,22,0,5,1316,232,8633,41781,25.76925117329189,36,1.018028397836145,5,4,12,9,0
KSante,Kennen,4,0,4,1,34.78260869565217,-6,0,3,1099,596,6190,6753,15.59329685734342,15,0.9890171603354495,3,3,2,8,0
Jax,Renekton,6,3,6,1,42.857142857142854,-55,0,0,-1362,-1325,7293,22023,17.23294444173006,24,0.8501769570976099,4,2,4,11,0
Jax,Gragas,2,1,3,1,17.24137931034483,6,0,5,1852,919,9054,9054,16.451749962632213,6,0.3995857751566827,1,0,0,4,0
Jax,Jayce,6,0,7,1,41.935483870967744,4,0,5,1429,836,5349,15336,18.29653121800112,30,1.3455821477908654,4,4,6,11,0
Aatrox,Yorick,8,1,7,1,53.57142857142857,50,-1,3,2445,1626,6183,24940,25.498189779495007,29,0.9872861642351675,5,4,5,11,0
Jax,Gnar,6,2,3,1,32.142857142857146,9,0,2,859,-104,5645,15907,18.911930191647393,21,0.8927366129755151,4,3,1,10,0
Camille,Garen,11,4,8,1,51.35135135135135,23,-2,6,1740,1067,7349,23509,20.539605880363958,26,0.8728629971828341,3,2,7,7,0
Skarner,Camille,5,5,4,0,56.25,-13,0,1,-676,-576,8860,26882,29.04661344319227,26,1.0958995833632892,3,3,5,9,0
Gnar,Camille,5,0,14,1,65.51724137931035,28,0,6,2627,1466,6518,17842,19.85923412550739,25,1.1014626178573326,1,1,8,5,0
KSante,Nasus,3,1,3,1,31.57894736842105,11,0,5,1796,1003,6938,16366,29.852404947495636,14,0.7750409811222689,3,2,2,8,0
KSante,Aurora,3,5,16,1,52.77777777777778,-15,0,2,-18,-485,8149,19636,14.943166113369266,43,1.4368706996881968,4,4,11,12,0
Renekton,Camille,7,7,2,0,64.28571428571429,21,0,5,1811,1401,8455,19573,28.9601630759776,20,0.830613735676228,5,4,3,8,0
KSante,Gwen,9,1,5,1,46.666666666666664,14,0,2,271,46,7395,35407,32.359286785657105,39,1.302026529570189,6,4,6,11,0
KSante,Nasus,5,2,4,1,47.368421052631575,39,0,3,2144,1389,11102,11954,33.384002214769104,9,0.6168982034730035,1,1,2,4,0
Rumble,Udyr,1,5,3,0,40.0,-4,0,1,-557,-748,7714,12825,27.9296838490181,16,0.8279633765143583,2,1,2,8,0
Rumble,Sylas,8,9,8,0,47.05882352941176,4,2,0,167,-188,8467,30533,28.700702175720274,17,0.6772821060201409,2,1,2,7,0
Aatrox,Camille,0,3,0,0,0.0,-9,0,1,-375,-231,8203,10477,31.898077236916784,8,0.55094625033211,2,1,2,6,0
KSante,Akali,2,4,4,0,40.0,-8,0,3,259,-1,6943,15922,18.601881573302283,24,0.9923764161944149,4,3,6,8,0
Renekton,Gragas,6,5,2,1,32.0,7,-2,1,-542,-663,6370,21391,18.290833681027234,35,1.097744617887374,7,6,11,13,0
Ornn,Renekton,3,7,2,0,33.33333333333333,-21,0,1,434,253,11627,21623,29.776794222312663,18,0.6942701754388105,4,2,2,9,0
Rumble,Gnar,4,5,5,1,33.33333333333333,-8,0,2,-168,-850,6299,26933,29.254051326051243,26,0.9133823731630111,6,5,3,13,0
Rumble,Udyr,0,6,2,0,25.0,-21,0,0,-1588,-1295,7652,9802,28.511481207145046,9,0.6205652883145563,0,0,1,5,0
Rumble,Riven,7,6,18,1,59.523809523809526,15,-1,0,-377,231,9218,34870,21.977452728160312,34,1.0311168833282987,8,7,4,15,0
KSante,Smolder,8,4,4,0,48.0,2,0,0,392,219,8532,21811,28.651393656795086,16,0.6835235365109829,2,1,1,9,0
KSante,Aurora,10,6,7,0,51.515151515151516,-2,2,1,-317,88,7333,28198,24.794197950849856,31,1.0195894990635552,5,4,8,11,0
KSante,Darius,4,2,6,1,66.66666666666666,22,0,3,2082,2459,12229,14226,31.732495069288618,14,0.8653617961672422,3,2,0,7,0
Aurora,Tryndamere,4,6,10,0,53.84615384615385,-23,0,3,-254,76,12479,31849,33.09317714137436,18,0.6679344817350729,3,3,1,10,0
Rumble,KSante,14,7,7,1,48.837209302325576,-2,0,1,-23,-933,10525,46845,31.22863599628063,40,1.2985039918596724,4,3,10,8,0
Rumble,Nasus,9,1,5,1,51.85185185185185,4,0,1,1428,1202,14132,26464,35.95990717964712,21,1.0066639322663455,3,3,2,9,0
Rumble,Ryze,2,1,3,1,23.809523809523807,-7,0,1,-501,141,5746,16683,24.106489253720316,28,1.110752592832173,6,5,4,11,0
Rumble,Ryze,1,2,4,1,22.727272727272727,-18,0,0,-250,-216,5043,10032,15.79056584339257,22,1.054761179918173,3,2,4,8,0
Mordekaiser,Graves,3,2,1,0,44.44444444444444,-16,0,3,207,72,8225,11103,28.105801109172084,11,0.7086336040258041,2,2,2,8,0
Renekton,Olaf,4,1,0,1,28.57142857142857,24,0,5,1754,1755,8091,10216,28.305627758454776,17,1.1422785176251702,2,2,2,7,0
Aatrox,Corki,1,3,1,1,10.526315789473683,-59,0,0,-2066,-1147,5400,6898,15.563093528786286,11,0.7228018781545192,1,1,1,6,0
Rumble,Smolder,3,2,10,1,39.39393939393939,2,0,2,1021,1045,5266,20397,20.01024355068523,34,1.2847982380988314,6,5,8,9,0
Renekton,Camille,3,1,1,1,26.666666666666668,14,0,5,1538,136,10384,13368,27.45857674931796,14,0.7990833242941834,0,0,5,5,0
Rumble,Gwen,3,4,7,1,35.714285714285715,-5,2,2,747,-405,6187,17278,18.82739717701072,19,0.8220910257901166,4,4,2,9,0
Rumble,Smolder,7,5,2,1,45.0,-25,1,2,-257,69,7428,19483,27.894096434538877,16,0.6826317761723762,2,2,2,7,0
Renekton,Jax,6,3,1,0,38.88888888888889,10,0,5,2065,284,9915,19055,32.72741916193385,19,0.8077948524505549,2,1,3,5,0
KSante,Riven,3,5,6,1,20.930232558139537,18,0,4,812,895,7641,20356,13.565410567398164,25,0.7020432260644606,2,2,2,11,0
Rumble,Aurora,2,7,2,0,30.76923076923077,-25,0,0,-1151,-1275,5405,15943,25.615759674494175,24,1.0762618638920258,3,2,2,8,0
Renekton,Jax,3,2,5,1,47.05882352941176,39,0,4,2564,1486,9479,9479,23.29671599236409,9,0.6030494845289694,1,1,0,5,0
Rumble,Ornn,8,1,10,1,69.23076923076923,22,0,5,3338,1388,13938,23671,30.68862956890195,10,0.5713465210115043,1,0,2,4,0
KSante,Rumble,4,7,5,0,50.0,-25,0,0,-1088,-738,3610,18246,15.387781098556433,35,1.0857329571786185,4,4,5,11,0
Rumble,Aatrox,0,7,7,1,35.0,-34,0,1,-3123,-2269,7049,17170,22.076128424962597,15,0.658982195207953,1,1,0,8,0
Renekton,Riven,2,8,6,0,34.78260869565217,-6,0,1,-1586,-596,6214,16480,15.912095416165673,20,0.6738791946389853,4,4,1,10,0
Aurora,Nasus,6,5,8,0,45.16129032258064,0,0,1,-43,-74,8612,39344,26.193673415722447,24,0.7999345552857585,2,2,5,7,0
Renekton,Volibear,10,1,9,1,63.33333333333333,39,0,4,3082,1751,8621,26119,25.215143992943577,23,0.9421786181094239,3,3,4,8,0
Skarner,Riven,4,7,5,0,45.0,-26,0,0,-43,-551,8092,17653,21.507860498881286,25,0.994796353743611,2,2,4,8,0
Rumble,Gwen,3,3,6,1,29.03225806451613,9,0,3,816,402,8907,17413,23.838642744197312,19,0.9470844435840696,3,2,0,8,0
Rumble,Gangplank,8,10,10,1,58.06451612903226,20,0,2,130,682,11822,51460,32.628082187175096,22,0.6133847390851949,3,2,2,9,0
Aurora,Nasus,6,5,6,0,42.857142857142854,-21,0,0,-1233,-1116,9780,34584,23.365765665858806,27,0.8054125998520215,4,3,7,9,0
Rumble,Renekton,0,10,2,0,16.666666666666664,-17,-2,1,-1652,-889,8845,18517,23.151329249221327,21,0.8149957086246971,4,4,2,10,0
Aurora,Smolder,8,3,9,1,51.515151515151516,36,0,4,1576,2065,9215,32718,30.130495095493586,38,1.3109857491758783,5,4,12,8,0
Jax,Irelia,3,6,1,1,16.666666666666664,-31,-2,2,-1261,-914,7132,9728,19.90231582857254,6,0.4230037280687015,3,2,0,6,0
Skarner,Gwen,3,6,2,0,35.714285714285715,-11,0,1,20,-13,7785,19126,23.51136044465256,26,0.9316438142518505,5,4,3,9,0
Rumble,Pantheon,11,7,11,0,59.45945945945946,48,-2,5,2581,1992,7932,38218,28.472054154704455,26,0.8738811803625915,5,4,2,9,0
Rumble,Poppy,10,7,8,1,50.0,8,0,4,1451,139,7496,27401,21.03364917989896,28,1.0164839318095789,7,6,3,12,0
Gnar,Rumble,0,2,2,1,13.333333333333334,-20,0,1,-410,115,4985,9673,20.202411907921615,12,0.6490188432678823,2,1,3,7,0
Rumble,Kennen,9,7,11,1,55.55555555555556,-6,0,1,-408,141,6702,26186,19.338545777415252,21,0.7248987985899292,4,3,4,9,0
Jax,Renekton,9,6,9,0,75.0,-42,0,0,-1554,-1475,12551,45457,33.8844458200724,26,0.7849719337729938,4,4,1,14,0
Rumble,KSante,2,3,1,0,50.0,5,2,1,807,-147,9863,14321,41.74105898713712,11,0.6911442989973016,1,1,1,6,0
KSante,Kennen,4,2,6,0,47.61904761904761,5,0,5,2268,2085,6496,14969,20.67907139247513,23,1.0063626914167887,2,2,2,9,0
KSante,Aatrox,0,3,0,1,0.0,-15,0,0,-741,-1594,8041,8380,19.904031104577648,11,0.7722209775328955,2,2,1,7,0
Aatrox,Rumble,2,6,4,1,33.33333333333333,-50,-2,1,-1838,-1892,3454,6174,13.909131977157275,16,0.9481877376377432,2,2,3,8,0
Aatrox,Rumble,10,4,9,1,43.18181818181818,2,0,2,-75,913,3646,35755,24.695724649143735,36,1.0072256258169727,6,6,3,13,0
Gnar,Irelia,10,1,3,1,40.625,-10,0,3,1231,1199,10145,22637,35.82998539173473,14,0.8181454407386569,1,1,0,7,0
Yone,Jayce,1,7,0,0,9.090909090909092,-40,0,0,-3328,-2193,3839,5558,12.230656529051956,14,0.7352192587046611,1,1,1,7,0
Jax,Aatrox,0,3,2,0,22.22222222222222,-1,0,1,-107,-225,9684,9750,22.764722203985183,8,0.532526954854517,1,0,2,4,0
Rumble,Lulu,1,5,2,0,23.076923076923077,8,-4,1,-530,-208,4822,12724,20.23087046803925,20,0.8205261883336726,3,2,2,6,0
KSante,Rumble,6,6,10,0,55.172413793103445,-43,0,0,-1786,-1105,6704,29823,21.838684508888555,38,1.167760215576006,4,3,6,13,0
Rumble,Zac,1,4,0,0,12.5,6,0,1,269,-1229,9617,14820,32.356142090231074,13,0.792194415250995,1,1,2,6,0
Gnar,KSante,1,7,6,0,21.875,3,0,1,-366,-310,9527,23642,18.596502424178283,38,1.2540482012077123,3,3,5,14,0
Kennen,Ornn,1,3,1,0,66.66666666666666,25,0,2,750,808,7906,9655,36.0698566397229,11,0.7818058457418451,2,1,0,6,0
Gnar,Jayce,3,9,5,0,42.10526315789473,-33,0,2,-2230,-1045,6099,12989,20.368327507524736,13,0.5981489935840392,1,0,1,7,0
Aatrox,Gangplank,1,6,2,0,30.0,3,0,1,-276,196,8102,14970,26.623764025609592,18,0.8041325678784779,3,3,1,10,0
Malphite,Kennen,4,6,15,1,61.29032258064516,-37,0,0,-802,-1008,8984,20735,17.141269913232122,26,0.8963502827819443,5,5,3,10,0
Gragas,Jayce,2,7,8,0,43.47826086956522,-1,0,5,1909,1021,6894,16790,19.672769711992455,19,0.7208957427066341,2,1,4,6,0
Yone,Aatrox,0,5,2,0,25.0,-5,0,2,-1213,-849,5744,6656,19.819970142346875,6,0.3824981078322567,0,0,0,4,0
Aatrox,Camille,9,0,5,1,40.0,-3,0,5,2719,1082,11278,24454,26.400445094238655,18,0.8599271841297285,2,1,2,6,0
Rumble,Lulu,3,0,3,1,31.57894736842105,-24,2,3,148,-620,6125,7409,19.229910288031864,11,0.7657661087378239,1,1,1,6,0
Gnar,Renekton,1,5,0,0,16.666666666666664,-26,-4,2,-1456,-1893,10065,13877,38.78496034589366,11,0.7255100983145305,2,1,0,6,0
Gwen,Camille,8,4,1,0,42.857142857142854,34,0,4,2132,2204,10179,25711,33.33402671896322,33,1.2500835694193444,3,3,5,11,0
Gnar,Vayne,7,4,5,1,40.0,-14,0,3,10,-41,8132,17144,20.380328583804754,22,0.9866330265877503,2,2,3,9,0
Aatrox,DrMundo,7,3,2,1,27.27272727272727,0,0,2,146,-96,6336,28493,25.2189829005856,14,0.5905674212131848,2,2,0,9,0
