champion,opponentChampion,kills,deaths,assists,win,killParticipation,csdiff14min,jungleCsdiff14,turretPlatesTaken,golddiff14min,xpDiff14,dmgChamps14,totalDmgChamps,teamDamagePercentage,visionScore,visionScorePerMinute,visionWardsBoughtInGame,controlWardsPlaced,wardTakedowns,wardsPlaced,completeSupportQuestInTime
KSante,Renekton,0,1,2,1,10.0,-22,0,0,-731,-37,10926,11896,23.207421820135576,9,0.5587980496678587,0,0,1,4,0
KSante,Gnar,2,4,0,0,18.181818181818183,-11,-7,3,-369,478,4649,10388,20.39249524098931,20,0.9258065378300393,3,2,3,7,0
Aatrox,Vladimir,4,6,3,0,38.88888888888889,4,-2,0,255,219,4595,17111,18.548852972324738,26,0.9534920056127424,4,4,3,9,0
Kennen,Jax,2,6,1,0,11.11111111111111,-7,0,1,-849,-308,7777,16727,17.22852765453696,21,0.7757008326115293,2,0,6,5,0
Fiora,Tryndamere,3,0,4,1,41.17647058823529,-4,-4,5,1398,1163,8649,10495,27.833350088060893,14,0.893075359336151,2,2,0,6,0
KSante,Olaf,10,2,14,1,54.54545454545454,10,0,5,2796,2729,9335,22012,22.597951503696052,20,0.9113208167385183,5,4,1,9,0
KSante,Olaf,15,1,15,1,61.224489795918366,13,0,3,1629,1706,5367,32826,25.991104033593686,14,0.5340903388318762,5,5,0,7,0
Jax,Fiora,3,6,3,0,28.57142857142857,-2,-8,0,-2091,-1692,6703,16427,20.33178904258526,25,0.9723643679370483,2,2,5,12,0
KSante,Vladimir,4,0,1,1,26.31578947368421,7,0,1,858,104,7054,10873,17.34323180920721,19,0.968237166353019,4,3,2,8,0
Fiora,Renekton,4,8,9,0,50.0,7,-4,5,-24,87,11743,17833,25.764989627029124,18,0.85769255027384,2,2,2,6,0
Tryndamere,Camille,14,5,3,1,58.620689655172406,33,8,5,3839,2530,12126,39067,35.016570340383964,17,0.6436185065188431,1,1,2,9,0
Fiora,Kennen,7,5,1,0,40.0,-15,0,2,1182,-548,8781,16665,17.973598093308908,19,0.690313506531355,5,4,1,11,0
Jax,Renekton,4,6,2,1,21.428571428571427,-36,0,1,-1392,-1145,7477,23228,18.32285001614191,29,0.9188766844002556,2,1,6,13,0
Sylas,Gnar,8,13,7,0,41.66666666666667,38,-4,3,667,999,8402,30703,25.62717082859889,20,0.6159330576642185,1,1,5,5,0
Aurora,Jayce,4,1,3,1,58.333333333333336,5,0,1,834,982,7267,8346,35.57430150232813,12,0.8248410856975996,2,2,1,6,0
Jax,Gwen,9,3,4,1,43.333333333333336,-13,6,3,-854,329,8605,23707,26.147068880389305,25,1.0137530497838487,6,6,1,14,0
KSante,MonkeyKing,1,0,4,1,21.73913043478261,9,0,1,439,93,9563,15272,25.770317613094583,12,0.6615924400121755,2,2,1,7,0
Fiora,Aatrox,11,5,5,1,76.19047619047619,34,0,5,3839,2329,13650,36834,38.41013178758926,32,1.0539098927445758,3,3,9,6,0
Kennen,Ryze,8,1,6,1,51.85185185185185,9,0,2,1559,1600,7283,22041,27.350710676555074,21,0.938187485564291,3,3,2,10,0
Aurora,Renekton,4,1,7,1,47.82608695652174,19,0,4,1436,1333,10756,25306,25.40143206759576,27,1.144712071074071,3,3,3,9,0
KSante,Varus,0,3,5,1,27.77777777777778,-56,0,0,-3637,-1987,1936,3395,5.5395247529594265,12,0.6400372303329407,1,1,0,8,0
Kennen,Aurora,4,4,2,1,27.27272727272727,-7,0,5,455,-579,8092,12606,19.237516823696026,19,0.9501983403757253,4,4,3,10,0
Fiora,Renekton,1,6,1,0,25.0,-36,0,1,-2460,-2029,10455,11189,32.0315312947975,10,0.6824331325484891,2,2,0,6,0
Kennen,KSante,1,5,1,0,22.22222222222222,-30,0,1,-1999,-2030,8001,9420,24.29964138299152,7,0.47070580103572873,0,0,0,5,0
Kennen,Jayce,8,2,6,1,34.146341463414636,41,0,4,1964,2716,6846,25544,21.991976544247617,28,0.9538418008679967,2,2,1,11,0
Aurora,Maokai,5,7,6,0,55.00000000000001,24,0,3,1170,23,11413,22489,26.287615498309684,16,0.6935251458911948,3,3,1,11,0
Aurora,Poppy,9,0,4,1,59.09090909090909,26,0,2,1331,943,9699,21196,34.75750164086171,17,0.8536736038032549,1,1,3,8,0
Aurora,Jayce,6,0,1,1,33.33333333333333,15,0,5,2180,1752,9543,11257,23.95430798706799,15,1.0006528549115818,2,2,0,7,0
Fiora,Urgot,7,4,2,0,47.368421052631575,-3,0,2,-698,-350,3430,38046,36.18150151902342,40,1.0576869323525675,5,5,7,13,0
Aurora,Renekton,7,2,9,1,57.14285714285714,25,2,3,207,193,7238,40900,35.59750267919107,23,0.9062570499013574,3,3,0,12,0
KSante,Gangplank,5,2,8,1,30.952380952380953,47,0,4,1831,1907,10455,20458,19.391854731693066,18,0.7895113086373751,5,4,2,9,0
Camille,Kennen,7,8,11,1,43.90243902439025,17,2,1,-195,372,7429,27597,18.949444929847523,25,0.8064249266770301,4,4,2,12,0
Aurora,Volibear,2,3,3,1,29.411764705882355,0,0,2,-711,-467,6767,10991,21.48639654402339,18,0.9813425365930425,2,2,2,8,0
Camille,Kennen,11,0,4,1,50.0,25,0,3,3063,1822,9893,15555,25.08784733316543,12,0.6721797321726245,1,1,1,6,0
Aurora,Udyr,2,2,1,1,12.0,2,0,2,567,52,7887,8545,18.531852990986668,10,0.6469264853191414,2,2,0,6,0
Aurora,Camille,2,2,4,1,33.33333333333333,12,0,4,896,546,11321,11623,28.195234902985412,11,0.760416175254923,2,2,1,7,0
Fiora,Aurora,3,9,9,1,26.666666666666668,-25,0,3,-679,-427,7282,23677,16.304779607650058,25,0.7716042108865325,6,6,2,9,0
Kennen,Aurora,13,4,4,1,51.515151515151516,-6,0,2,1075,120,9089,34673,28.187426810157163,23,0.7533752611207919,6,6,1,9,0
Aurora,Kennen,5,7,1,0,22.22222222222222,-15,0,4,-373,-707,5269,19169,16.327059885584074,30,1.0006857357205716,3,3,3,13,0
KSante,Garen,5,3,4,0,40.909090909090914,17,0,4,1395,1227,5682,23728,23.968409407562756,27,0.9335588831747287,5,3,3,7,0
Sylas,Rumble,2,5,4,0,35.294117647058826,4,0,1,-859,-346,5186,17654,24.769914425754997,27,1.0016970056819203,4,4,4,10,0
Sylas,Gnar,6,1,4,1,52.63157894736842,43,0,4,2863,2155,6556,14987,29.776599771931767,18,0.9533072952154275,2,2,1,7,0
Fiora,Darius,18,1,2,1,52.63157894736842,39,0,5,3214,2833,10918,44114,26.717786175777807,43,1.2210912493656383,2,2,7,8,0
Camille,Aatrox,6,8,6,0,52.17391304347826,30,0,5,2491,1809,8941,31329,24.974509101743617,34,1.158795655073786,5,5,5,14,0
Fiora,Illaoi,3,3,3,1,24.0,31,0,4,1417,1257,6781,11186,22.214661614995027,15,0.8156074751677758,3,3,30,9,0
Jax,Fiora,10,3,11,1,53.84615384615385,31,0,8,3006,1332,6667,43968,33.33870493997239,33,1.0450379744058047,2,2,2,14,0
Fiora,Renekton,2,10,5,0,41.17647058823529,-73,0,0,-2906,-2870,10268,15512,23.62405359866503,12,0.6227448394124622,3,2,0,7,0
Fiora,Camille,5,6,3,0,34.78260869565217,23,0,1,114,552,10344,25285,22.999638287643755,18,0.6804328078661278,2,2,0,12,0
Aatrox,Rumble,0,2,9,1,31.03448275862069,-48,0,0,-1943,-950,5514,8855,11.016450718315582,24,1.1125945883754582,2,2,1,9,0
Jax,Fiora,6,7,2,0,32.0,-21,0,2,-929,-847,11044,26743,23.779886121808858,28,0.9684441906925688,7,5,2,16,0
Jax,Fiora,6,6,6,0,36.36363636363637,-24,0,0,-1460,-372,11249,28183,23.270099005513394,30,0.9941280983451349,4,4,1,15,0
Jax,TwistedFate,3,3,6,1,26.47058823529412,13,0,4,1467,1209,9144,19311,17.38933475233775,27,1.0317899531011598,3,3,2,12,0
Fiora,Malphite,14,9,10,0,58.536585365853654,8,0,3,765,514,9101,54466,29.259290323591948,27,0.7245047618791312,0,0,9,5,0
Kennen,Fiora,3,8,3,0,27.27272727272727,-20,0,2,-1067,-1562,11131,21633,25.75468391459944,18,0.8004635718204319,2,2,2,10,0
Jax,Fiora,3,5,2,0,27.77777777777778,-2,0,5,-191,-280,7965,14423,21.967831686302514,17,0.8159598900108846,4,3,0,11,0
Jax,Riven,6,5,7,1,32.5,-22,0,5,238,706,11881,27462,25.0757440220147,17,0.7748092390168746,2,1,1,8,0
KSante,Gnar,1,1,14,1,41.66666666666667,9,0,0,128,1499,8211,18360,14.851052248887648,25,0.944780489939262,6,4,2,10,0
Fiora,Jax,6,0,0,1,28.57142857142857,9,0,3,2227,1481,10975,10975,21.654943673478087,13,0.8558312201017026,2,2,1,7,0
KSante,Riven,6,1,2,1,26.666666666666668,1,0,0,589,843,4126,12361,18.489134954081024,17,0.8158532158789548,3,3,3,7,0
Irelia,Vayne,13,2,0,1,40.625,67,2,5,5008,3438,11368,15817,28.696116724181646,13,0.7625386680432342,1,1,0,5,0
Jax,Renekton,5,7,2,0,25.0,-26,0,3,-879,-656,6546,25252,19.489928844309574,24,0.9021634866668927,4,4,1,14,0
KSante,Jayce,3,0,1,1,25.0,-1,-4,1,653,391,5364,6868,16.562464336382234,14,0.9188646651597543,2,2,1,6,0
Yone,Aatrox,3,4,5,1,22.22222222222222,-4,0,1,-1142,-1404,8057,17113,14.767089570857836,21,0.8534121190282513,4,3,1,11,0
Jax,TwistedFate,5,2,7,1,32.432432432432435,37,0,5,2781,2318,8693,14405,18.598473622108145,13,0.6539714065066737,1,1,0,8,0
KSante,Heimerdinger,6,5,7,0,50.0,-15,-4,0,409,-425,4295,13251,14.239640879151496,11,0.42558503059541625,2,1,0,6,0
KSante,Gnar,4,4,13,1,47.22222222222222,1,0,2,-112,-241,4146,29474,18.149296379340242,34,1.0025920850596772,8,7,2,12,0
KSante,Udyr,10,2,13,1,76.66666666666667,27,0,2,840,570,4331,32716,29.811389287301065,30,1.1091014239966572,2,2,3,9,0
Sylas,Jax,5,7,9,0,56.00000000000001,-1,0,0,-326,-4,9392,30507,28.029622244291502,19,0.716359614101678,1,1,2,7,0
Fiora,Volibear,5,2,4,1,50.0,2,0,2,662,1017,9734,18290,34.57710375494969,8,0.47542842522154466,3,2,0,7,0
Jax,Kennen,0,5,0,0,0.0,-66,0,0,-3086,-1907,2916,4711,8.95818688185656,17,0.7702546607088857,2,1,1,9,0
Fiora,Udyr,10,0,2,1,52.17391304347826,42,0,5,2992,1963,13235,36438,32.69182343440573,25,0.7761644777845756,3,3,5,6,0
KSante,Lulu,5,7,12,1,68.0,-1,0,2,179,567,4534,22107,14.30180225001788,39,1.0275003314841908,5,5,7,11,0
Jax,Renekton,9,0,3,1,54.54545454545454,64,0,5,4251,2114,13763,15650,30.88384096474946,8,0.55838622923491,0,0,0,5,0
Camille,Riven,4,6,5,0,39.130434782608695,21,0,2,276,779,7006,17213,19.095724115710915,20,0.7952065454509794,4,3,2,6,0
KSante,Kennen,6,7,10,0,66.66666666666666,-14,0,0,-649,-194,2686,28186,22.817495893110603,27,0.766444002478046,4,4,4,11,0
Jax,Poppy,6,3,1,1,24.137931034482758,62,0,4,2443,1856,7205,16204,23.318134942739963,17,0.8821824665520437,1,1,1,8,0
KSante,Jax,4,5,4,0,30.76923076923077,-1,0,1,470,317,8576,20814,18.88011975635666,22,0.7822302349349474,6,6,0,10,0
Jax,Kennen,0,6,3,0,42.857142857142854,-28,0,0,-847,-882,5655,10104,19.695193937005573,25,0.979765374602505,4,4,2,14,0
Jax,Gnar,13,7,8,0,70.0,-6,0,0,1161,371,9627,28259,20.985246418351906,24,0.7242761694250315,3,3,0,13,0
Aatrox,Gragas,2,2,7,1,34.61538461538461,13,0,3,-334,-19,7299,23539,26.323340983411313,25,1.1257111678058178,7,6,0,13,0
Sylas,Gragas,3,2,0,0,50.0,12,0,2,-94,-24,8332,9462,29.89932613586328,7,0.5218030241968542,0,0,1,3,0
Fiora,KSante,5,1,3,1,57.14285714285714,49,0,4,4249,2635,12015,12890,33.44037418467837,9,0.597497873776314,2,1,1,5,0
Jax,Fiora,4,5,6,1,26.31578947368421,-25,0,2,-1183,-791,10366,18576,17.19892347034181,18,0.7451012380014428,3,3,1,12,0
Fiora,Tryndamere,5,5,8,0,50.0,7,0,2,575,1596,11110,24275,24.04452796189718,22,0.9191589689199429,4,2,2,7,0
KSante,Gnar,4,1,8,1,33.33333333333333,-23,0,1,-332,-1512,5390,14899,14.297731316169038,25,1.1019930209552904,3,3,1,11,0
Jax,KSante,6,2,8,1,50.0,4,0,5,1658,1198,9435,26270,28.126375888918798,17,0.6329864932350183,0,0,1,9,0
