champion,opponentChampion,kills,deaths,assists,win,killParticipation,csdiff14min,jungleCsdiff14,turretPlatesTaken,golddiff14min,xpDiff14,dmgChamps14,totalDmgChamps,teamDamagePercentage,visionScore,visionScorePerMinute,visionWardsBoughtInGame,controlWardsPlaced,wardTakedowns,wardsPlaced,completeSupportQuestInTime
Yone,Udyr,1,6,2,0,30.0,7,0,0,-1304,-678,7497,11030,22.303786495854926,12,0.693358942126434,1,1,2,7,0
Gnar,Yone,6,10,16,1,48.888888888888886,12,0,4,2704,774,9452,27747,18.271203708201536,32,0.9364821648873016,7,7,1,16,0
Renekton,Malphite,6,3,7,1,38.23529411764706,41,0,5,2783,1530,10839,23073,22.630706205274524,19,0.8093118177044479,2,2,4,6,0
KSante,Renekton,3,1,0,1,13.043478260869565,34,0,5,2309,2068,9647,9647,22.593499702518464,8,0.5482391887961853,1,0,0,5,0
Gnar,Jayce,8,3,6,1,42.42424242424242,10,-2,7,2974,2064,8369,15578,22.989771810411312,9,0.508495701586579,1,1,1,7,0
Yasuo,Quinn,5,8,14,1,48.717948717948715,-1,0,0,-1108,-429,4676,23328,20.964477179310183,27,0.9770085340999793,3,3,7,10,0
KSante,Gwen,0,6,6,0,22.22222222222222,-8,0,2,-1266,-617,3503,13119,12.353833899335346,32,0.9067423184422899,4,4,4,9,0
Gnar,Yone,6,4,12,1,41.86046511627907,-6,-2,3,-244,591,7588,23472,19.116098363982708,29,1.0719202911815864,4,4,3,12,0
Jax,Smolder,0,6,1,0,10.0,-23,0,0,-1781,-1062,4750,6490,18.206738152402373,7,0.4712592654795296,0,0,0,5,0
Warwick,AurelionSol,14,7,12,1,70.27027027027027,-10,0,5,2598,1081,8133,30825,28.073095121466206,12,0.41300025335698365,1,0,3,3,0
Warwick,Rengar,7,4,3,1,47.61904761904761,12,2,5,1931,412,9793,13173,22.184544445281997,19,1.0193834141018987,5,4,3,9,0
Kennen,Rumble,1,11,17,1,42.857142857142854,2,0,0,-48,131,6555,25998,17.501467668042675,30,0.8527535528704522,8,7,5,13,0
Aurora,Jayce,2,7,18,1,54.054054054054056,-48,0,0,-1122,-362,6802,25867,19.934476078231203,22,0.7543149033124114,2,2,2,6,0
Smolder,Renekton,4,7,1,0,38.46153846153847,24,1,4,1229,847,12248,24229,33.210042892448435,26,0.9475547646392811,5,5,2,12,0
Jayce,Kennen,0,5,3,0,27.27272727272727,-17,0,5,-1342,-1112,3232,8573,18.05300256737464,17,0.8449860689204436,1,1,4,6,0
KSante,Camille,12,4,14,1,70.27027027027027,52,0,3,1920,2384,13515,39256,27.211333179682974,23,0.7106274253892729,5,4,3,7,0
Smolder,Gnar,2,1,4,1,25.0,2,0,3,811,178,7958,10185,22.081856202218866,9,0.6434028149786526,0,0,1,5,0
KSante,Darius,6,6,6,1,46.15384615384615,34,0,2,1046,752,8277,23353,23.67751820226705,12,0.4863629733649601,1,1,1,6,0
Warwick,Vladimir,8,1,2,1,41.66666666666667,64,4,4,4113,3188,9901,10700,23.92683894960226,7,0.5257951147043092,1,1,0,5,0
Gnar,Renekton,4,1,0,1,28.57142857142857,25,0,2,-274,239,8819,17688,29.540839998786954,10,0.5072674122481169,2,1,1,6,0
Gnar,Yone,4,1,0,1,25.0,19,0,3,908,461,10731,15307,31.813425159967334,10,0.6331614327609962,0,0,1,5,0
Rumble,Vladimir,3,8,2,0,29.411764705882355,-8,0,2,-1297,-1142,10372,31115,31.631409038757862,23,0.8945633617713276,3,3,2,7,0
KSante,Gangplank,1,7,6,0,53.84615384615385,33,0,1,303,534,5012,10716,20.153327683111865,13,0.5639165557245085,2,2,1,7,0
Aatrox,Riven,8,6,10,1,42.857142857142854,0,0,0,-2575,-88,5635,26799,19.386653413619463,29,0.8657740187321741,3,3,5,8,0
KSante,Camille,11,3,9,1,57.14285714285714,33,-2,3,1861,1168,11543,25797,24.533748274020187,19,0.7564612697340535,1,1,3,9,0
Rumble,Lissandra,4,8,8,0,60.0,-36,0,4,-49,-801,10382,15018,22.38584985003169,9,0.46139090017042844,2,0,1,3,0
Aurora,Cassiopeia,3,7,11,1,50.0,-7,-2,0,-604,-692,5362,21892,23.770148077315962,25,0.9195850171804142,5,4,6,13,0
Yone,Heimerdinger,6,6,2,0,53.333333333333336,62,0,5,3025,2381,7524,21098,33.99090532783913,23,0.9551842759837311,2,1,1,6,0
Yone,Yasuo,4,4,12,1,50.0,-25,0,2,-863,-1288,5951,25701,23.786284752054794,21,0.7838546867128228,2,2,1,6,0
Yone,Renekton,0,6,3,0,25.0,-59,-2,0,-3325,-2768,7852,13771,28.424153996135804,12,0.639255505812538,2,2,0,7,0
KSante,Gwen,5,4,5,0,55.55555555555556,25,0,3,1357,1701,9427,20664,29.441582004028543,30,1.2422169983458085,2,2,4,11,0
Aurora,Lucian,11,5,10,1,58.333333333333336,34,0,4,1724,2007,8877,28963,23.873391654788296,27,1.0446894547817835,4,4,5,12,0
Smolder,KSante,9,2,2,1,50.0,37,0,5,2812,917,9847,18102,28.72959825439888,15,0.8361799001842901,2,2,3,8,0
Aurora,Rumble,7,5,13,1,50.0,17,0,0,57,-351,7627,19724,19.29740954796079,12,0.5358808120467252,1,1,0,5,0
Kled,Vladimir,2,9,2,0,33.33333333333333,-28,0,3,-1919,-1409,9671,14022,34.78690596947069,12,0.646521744271206,2,2,3,6,0
Rumble,Renekton,6,4,5,1,61.111111111111114,28,-1,4,1981,1200,11483,33157,41.064234117626505,21,0.8166570916612071,3,3,2,7,0
Gnar,Olaf,7,10,7,0,46.666666666666664,3,-4,5,990,-82,8353,28113,22.02328262514098,27,0.8135926648730116,7,7,5,16,0
Gnar,Jayce,1,8,3,0,23.52941176470588,-13,-4,1,-1839,-670,5757,11767,14.816082547245529,21,0.7651915729863414,3,3,1,12,0
Smolder,KSante,3,5,7,1,41.66666666666667,-2,0,1,-392,-219,11610,25305,25.873659662292397,16,0.6809902471673754,1,1,2,8,0
Aatrox,Jax,5,9,2,0,28.000000000000004,32,0,3,1668,2243,13155,30107,31.14184143864527,19,0.641711612229132,5,5,2,8,0
KSante,Corki,2,6,1,0,20.0,-42,-4,0,-3800,-2078,4497,13868,19.787781888842517,13,0.5750432591634413,3,3,1,8,0
Smolder,Jayce,1,7,2,0,15.0,2,0,0,-1185,-851,8842,26288,26.663058027511894,16,0.5619204422060029,0,0,1,8,0
Nasus,Garen,7,7,10,1,48.57142857142857,-22,0,2,-485,-966,8676,40205,27.700410268209108,20,0.637103515187872,3,3,3,13,0
Vladimir,Olaf,2,3,1,0,30.0,27,0,1,638,991,8949,10169,23.553583653549527,8,0.5235952686482425,1,1,0,6,0
KSante,Smolder,3,0,1,1,26.666666666666668,-16,0,3,540,165,6705,8458,23.763156733385745,12,0.8331935852928929,2,2,1,6,0
Aurora,Nasus,6,7,9,0,75.0,6,0,2,130,421,9061,20152,30.83922231754002,23,0.9821071941952598,3,3,1,11,0
Gnar,DrMundo,2,3,4,0,66.66666666666666,43,6,5,1520,1558,14251,15260,35.3898774143343,15,1.0010288622442591,2,2,2,6,0
Yasuo,Aurora,5,7,3,0,33.33333333333333,47,0,3,2184,1227,9078,17913,21.440282443276374,11,0.4989367385856166,1,1,2,5,0
Rumble,Olaf,10,7,3,0,56.52173913043478,-23,0,0,-1527,-1137,10987,25421,30.833109143101282,17,0.7510586615545627,3,3,0,6,0
Aurora,Volibear,10,3,3,1,44.827586206896555,37,0,6,3216,1627,7779,22239,26.498773880114378,34,1.4602789372496237,4,3,0,10,0
Ornn,Renekton,1,3,1,0,25.0,-12,0,1,-935,-908,8874,9731,30.528637460547408,7,0.5208388498031846,1,0,1,4,0
KSante,Renekton,5,4,7,1,52.17391304347826,25,0,1,467,-154,12656,23136,22.750564996552967,21,0.8884547374237001,2,2,3,7,0
Smolder,Aurora,13,9,3,1,72.72727272727273,19,0,3,-457,-819,6910,43060,39.31940774267729,22,0.732524681303582,1,1,3,10,0
Nasus,Kennen,3,5,1,0,33.33333333333333,-10,0,3,-908,-682,6598,10788,25.265183657966812,15,0.8629750340101934,3,3,1,8,0
Nasus,Kennen,5,1,9,1,63.63636363636363,51,0,5,2389,2510,8597,19530,27.114234770165798,17,0.7416375911450409,3,1,1,7,0
Kennen,Galio,6,3,4,1,41.66666666666667,33,0,4,1285,1009,7368,26476,26.726890292752355,14,0.5622293705145396,1,1,2,6,0
Renekton,Jax,14,6,8,1,52.38095238095239,50,0,5,3437,1451,16972,39461,29.39592494768344,26,0.9734234294002369,3,3,6,6,0
Kennen,Rumble,2,5,1,0,30.0,-18,0,0,-1402,-1457,6338,10525,21.813437239669,18,0.9315831603657975,2,2,1,8,0
Yone,Gnar,2,4,6,0,53.333333333333336,9,0,1,18,-486,10167,19744,26.064545430900676,18,0.8624637370675003,2,1,7,5,0
Aurora,Jayce,12,3,10,1,51.162790697674424,21,0,5,2146,2845,8652,32188,28.80066756374185,29,1.220789172647826,5,5,3,14,0
Renekton,Camille,3,3,1,0,40.0,21,0,2,965,729,8686,16006,30.99665148188923,17,0.8470470876722664,3,3,0,8,0
Rumble,Zac,4,4,5,1,47.368421052631575,21,2,0,564,773,13861,19724,35.05292618600687,9,0.56170843337305,1,1,0,6,0
Kennen,Rumble,2,6,0,0,25.0,-37,0,1,-1718,-2522,8446,8446,23.023318792402158,9,0.5888440973587792,2,1,1,5,0
Yone,Tryndamere,0,4,0,0,0.0,-19,0,1,-1309,-1436,9503,10677,23.172064061521304,12,0.799328545892306,2,1,0,5,0
Aurora,Gnar,11,8,5,0,51.61290322580645,3,0,2,-682,-788,9850,41676,29.87150765663581,26,0.8162773109332248,5,5,4,15,0
Jayce,Fiora,8,11,8,0,51.61290322580645,16,0,4,62,-912,13259,31451,24.919091185614647,21,0.69725042496834,3,3,4,12,0
Aatrox,Rumble,4,5,3,0,43.75,0,0,2,528,936,5516,14378,25.99419969519932,24,0.9923899543402004,3,3,3,8,0
Yasuo,Kennen,2,2,1,1,15.789473684210526,-13,0,0,298,212,5796,6309,13.686025690693684,14,0.9549688849372355,3,2,2,7,0
Yone,Vladimir,4,3,4,1,47.05882352941176,7,0,2,149,144,6842,19688,25.850528801706723,29,1.1632671547064595,5,5,4,11,0
LeeSin,Gnar,6,6,3,0,56.25,-15,0,0,539,73,7826,18543,19.08080554884387,23,0.8850355252386237,4,3,4,12,0
Gnar,KSante,3,6,2,0,35.714285714285715,11,0,3,136,-1038,13411,23133,39.86714604419797,16,0.8198340093266848,4,4,3,10,0
Yasuo,Rumble,1,5,0,0,11.11111111111111,18,0,2,-703,-474,9364,10484,30.551289220469545,12,0.6762920377383248,2,2,0,7,0
KSante,Tryndamere,7,4,5,1,48.0,1,0,3,-75,331,11104,25046,32.722495990023724,21,1.0664266428467466,3,3,1,9,0
Gnar,Olaf,5,4,6,1,36.666666666666664,73,0,5,2739,1833,8638,18080,19.892448675358324,25,1.0135010919502527,2,2,4,10,0
Gnar,Yasuo,6,5,2,0,47.05882352941176,6,0,3,1091,1773,8510,18118,21.267535406104344,22,0.7662806603623404,2,1,0,11,0
LeeSin,Tryndamere,4,6,1,1,27.77777777777778,1,2,2,-148,-394,14237,17889,34.78080021313216,8,0.5396758441973063,1,1,1,5,0
Gnar,Renekton,5,4,2,1,19.444444444444446,1,0,2,524,673,14572,27646,26.379988821632733,19,0.9761873900749125,1,1,4,8,0
Kennen,Jayce,5,3,1,1,25.0,-2,0,2,-641,-180,5550,14463,23.50998022727918,8,0.4238363294039116,0,0,0,7,0
Kennen,KSante,0,3,0,1,0.0,5,0,3,-255,-617,9453,10833,21.85611119129881,9,0.5765907513004443,1,1,0,6,0
Yasuo,Heimerdinger,4,7,1,0,35.714285714285715,30,0,3,575,-205,5687,15389,23.97184349066651,13,0.6065321153757295,2,2,0,9,0
KSante,Renekton,5,2,3,1,50.0,10,0,1,620,1095,9475,20879,29.181536079108845,12,0.6488457738434272,1,1,0,7,0
Yone,Lulu,0,5,11,1,50.0,35,0,1,644,1281,4870,17512,19.437490160435953,26,0.9321820350755667,6,6,4,12,0
Kennen,Udyr,6,8,3,0,47.368421052631575,52,-2,6,2391,2401,7977,26526,28.348568116050444,23,0.869633270820867,3,3,7,11,0
Aurora,Ornn,10,7,14,1,68.57142857142857,13,3,2,1049,-9,11720,39643,30.039739621400525,18,0.6383870987218795,2,2,2,11,0
Jayce,Kennen,2,11,1,0,15.789473684210526,0,0,0,-1329,-774,7760,11846,15.662028738106015,26,1.1305367432028097,2,2,5,9,0
Aatrox,Jax,2,3,1,1,11.538461538461538,1,0,0,107,225,8188,10748,20.25073066435726,7,0.463684125199406,0,0,1,5,0
Gnar,Jayce,0,5,2,0,15.384615384615385,-29,0,0,-2206,-1031,5428,7711,16.367997389019195,12,0.6534519892554708,2,1,0,6,0
Rumble,Renekton,8,3,3,1,45.83333333333333,7,2,1,-18,-81,13260,21500,28.27118205292934,20,0.9474888174578634,3,3,0,8,0
KSante,Kennen,1,4,0,0,20.0,-45,-2,0,-2048,-1081,4554,4782,15.586326260866024,9,0.6414763780424529,0,0,0,5,0
Aurora,Rumble,5,2,1,1,31.57894736842105,48,-2,4,2280,2583,11935,11935,25.3777802207786,9,0.6016850173970455,1,1,0,6,0
Yasuo,Gnar,8,6,5,1,48.148148148148145,-23,0,2,-757,-1568,12105,23568,22.95866956868737,15,0.6742925744912037,1,0,2,6,0
