champion,opponentChampion,kills,deaths,assists,win,killParticipation,csdiff14min,jungleCsdiff14,turretPlatesTaken,golddiff14min,xpDiff14,dmgChamps14,totalDmgChamps,teamDamagePercentage,visionScore,visionScorePerMinute,visionWardsBoughtInGame,controlWardsPlaced,wardTakedowns,wardsPlaced,completeSupportQuestInTime
Vladimir,MonkeyKing,5,6,4,0,52.94117647058824,26,0,3,1552,1019,8014,33107,36.670744981451854,22,0.789247552330574,5,5,3,9,0
Vladimir,Renekton,6,3,11,1,42.5,15,-2,4,453,1275,12198,39142,28.340768207801332,23,0.7640151113983872,4,4,3,9,0
Ryze,Vladimir,9,2,5,1,46.666666666666664,26,2,3,755,478,9328,32769,27.721945286212602,31,1.0683428346356039,6,6,4,18,0
Rumble,KSante,5,4,11,1,51.61290322580645,14,0,0,-194,161,9535,36651,23.712702421823124,31,0.8492426036905468,6,6,4,20,0
Vladimir,Darius,7,5,9,1,53.333333333333336,-13,4,1,-399,-1271,7968,26016,27.74616554067882,28,1.0697464995294903,3,3,5,10,0
KSante,AurelionSol,11,3,9,1,52.63157894736842,13,0,5,1671,978,5128,24175,24.147015575173896,23,0.7379879089865373,1,1,3,8,0
Smolder,Nasus,1,2,2,0,42.857142857142854,26,0,3,379,-136,8037,10256,28.284684235748987,9,0.5371572407504551,0,0,1,6,0
Rumble,Gwen,8,3,7,1,53.57142857142857,37,0,4,2356,871,9613,29896,32.57910795591026,23,0.8889370822661808,4,4,2,12,0
Kennen,Vladimir,8,1,5,1,54.166666666666664,-2,2,3,1293,2253,11312,20506,28.839355972746894,25,1.168258139574778,3,2,1,9,0
Rumble,Smolder,0,5,1,0,11.11111111111111,-28,-4,2,-1501,-1340,7302,8798,21.97216475438655,8,0.5391032791344393,1,1,0,6,0
KSante,Fiora,2,7,5,0,31.818181818181817,-13,0,3,-1762,-405,7251,14807,16.35818181447448,14,0.60254835372855,2,1,2,7,0
KSante,Kennen,0,4,2,0,40.0,-6,0,0,-948,-686,5117,13976,26.519149555593163,15,0.6468942477872233,2,2,0,10,0
Renekton,Jayce,6,4,9,1,44.11764705882353,-14,0,5,815,220,6586,18234,14.979835861056209,21,0.7188145348271111,3,3,2,8,0
KSante,Garen,4,5,3,0,35.0,8,0,0,10,696,6418,12757,18.40060141655059,18,0.8158015783835385,2,2,0,8,0
Renekton,Camille,0,5,12,0,40.0,23,0,2,-891,-17,6961,24241,17.890075947955616,38,1.054339092816132,4,4,7,9,0
Smolder,Jax,1,3,9,1,40.0,-21,0,2,-658,-811,7828,17842,19.693613641518716,18,0.7173665152329118,2,2,3,7,0
Smolder,Quinn,7,2,10,1,70.83333333333334,37,0,6,1286,748,5698,20788,24.327044729372922,17,0.7209935679918481,2,2,3,10,0
Smolder,Yasuo,2,6,5,0,50.0,-33,0,0,-869,-521,8011,17271,25.90032089027405,16,0.6910863766712367,0,0,4,8,0
Aatrox,KSante,1,4,11,1,54.54545454545454,-1,0,0,-439,-210,7888,18411,21.213147781900897,24,0.9273417198513787,3,3,1,8,0
Smolder,Jayce,1,4,3,1,15.384615384615385,-25,0,1,-1028,-1410,8114,9739,20.97403577472154,8,0.5544130613856588,0,0,0,5,0
Rumble,Poppy,7,5,7,0,66.66666666666666,8,-2,2,-144,-458,6061,26222,32.842330254365606,21,0.8393766801412839,2,2,4,11,0
KSante,Camille,4,2,3,1,20.588235294117645,-5,0,2,207,-253,9551,18111,16.64817940169161,14,0.5853757193271393,2,1,0,6,0
Rumble,Darius,1,8,0,0,25.0,-32,0,0,-1496,-2332,7858,8805,27.639746230182787,11,0.6931627458354948,3,2,1,7,0
Smolder,KSante,9,4,3,0,48.0,7,0,1,454,-76,6581,49970,38.86528776129274,21,0.6115818180622968,2,2,5,8,0
Gnar,Olaf,9,8,5,0,46.666666666666664,61,0,4,3160,2779,12511,30305,26.91174259344257,20,0.7143234386388864,2,2,6,7,0
Aatrox,Riven,6,4,8,1,50.0,14,0,4,1356,782,7213,26524,28.04561795834994,17,0.7063617379302092,1,1,3,5,0
KSante,Smolder,3,4,4,0,43.75,-2,0,3,457,432,4580,14205,22.482727258058745,18,0.7508700247922302,3,3,3,8,0
Rumble,Kennen,0,4,3,0,33.33333333333333,29,0,2,139,720,5974,10398,26.155602526003456,12,0.5856527670224899,0,0,1,7,0
KSante,Tryndamere,2,2,2,0,28.57142857142857,-15,0,0,-1426,-219,12561,18317,26.833737623366304,12,0.6143066521514445,1,1,0,7,0
KSante,Smolder,7,5,6,0,59.09090909090909,20,0,2,2121,1747,9720,22636,23.93628083662169,24,0.8849266359178015,3,3,1,7,0
Jax,Olaf,3,3,0,0,16.666666666666664,25,0,1,-101,1034,5938,14806,19.278367014751595,17,0.7465606146335103,2,2,0,11,0
Yone,Irelia,4,12,1,0,21.73913043478261,-62,-8,0,-4833,-3416,5669,16966,18.686826286271938,17,0.608919097716931,2,2,0,10,0
Aatrox,Poppy,0,9,11,1,28.205128205128204,-13,0,1,-814,-910,7682,20856,12.998761773256195,31,0.8220796743550766,3,3,6,9,0
Jax,Gnar,0,1,3,0,42.857142857142854,17,0,0,-65,-15,5073,8785,15.948862168970853,14,0.7567382308376536,0,0,2,7,0
Jayce,Nasus,5,9,5,0,45.45454545454545,31,2,2,270,421,9100,25676,30.35632903597657,22,0.8908552111797126,3,3,3,11,0
Aatrox,Olaf,2,4,2,1,15.384615384615385,-32,4,0,-2202,-687,6053,12583,19.28849748681095,15,0.8088167039834189,2,2,2,7,0
Rumble,Warwick,5,11,14,1,47.5,19,0,0,-588,110,9925,36096,22.261600312270907,40,1.1469951361159378,6,6,2,20,0
Aatrox,Tryndamere,1,4,5,0,35.294117647058826,-22,0,0,-1851,-790,11897,24598,33.48952280602381,11,0.5187984416945995,0,0,1,6,0
Smolder,AurelionSol,3,8,3,0,60.0,-22,0,0,-1713,-1915,2810,23876,26.99482480044117,34,1.2065112867093142,5,5,2,15,0
Fiora,Renekton,5,6,1,0,27.27272727272727,-3,0,0,-682,-675,10125,21775,22.12956145298061,13,0.5674089059908733,1,1,2,7,0
Jax,Olaf,2,3,0,0,66.66666666666666,-4,0,1,-790,-762,9233,9649,34.009156264044584,11,0.771093701407268,1,1,1,7,0
Aurora,Aatrox,3,4,7,1,41.66666666666667,41,-2,1,437,925,10315,23585,28.40123021368998,24,0.998602549278472,3,3,3,8,0
KSante,Gnar,0,4,0,0,0.0,-1,0,0,-1298,-1436,5799,7361,20.560379443160805,11,0.7617777763798397,1,1,1,6,0
Jayce,Renekton,3,4,5,1,36.36363636363637,10,0,3,-55,-476,11430,17334,24.17791825195015,13,0.6583517310652128,2,2,0,9,0
Camille,Gangplank,3,1,1,1,25.0,10,0,3,1402,613,8025,8025,23.203434580560327,7,0.47774076470834675,0,0,0,5,0
Rumble,Riven,2,7,6,0,36.36363636363637,19,-4,4,655,1022,9402,24282,29.336319042182087,20,0.7730338071583156,5,5,2,14,0
Gragas,Riven,4,1,11,1,62.5,24,-2,4,2508,2076,7484,16797,26.933130141182072,15,0.7569228270039454,4,3,0,10,0
Rumble,Renekton,3,2,10,1,46.42857142857143,44,0,3,1136,1508,10154,28407,25.12248563949258,18,0.6553885791381788,3,3,2,8,0
KSante,Smolder,10,4,12,0,84.61538461538461,-10,-4,3,953,-200,5584,30231,22.524656574753653,21,0.6245522213681552,1,1,5,6,0
Rumble,KSante,5,3,4,1,30.0,21,0,0,654,178,7435,29109,22.19634039105035,31,1.0841271451416998,2,2,2,12,0
Rumble,Jayce,0,6,1,0,100.0,-20,0,0,-3085,-657,7095,8015,39.17584652316299,13,0.8626749706845311,1,1,3,6,0
KSante,Urgot,5,4,16,1,60.0,28,0,5,1928,1809,9933,29047,17.300731069431823,44,1.2353428475736068,8,8,6,13,0
Gnar,Sylas,2,3,3,0,62.5,-5,0,0,-986,-930,5979,5979,27.39393106128718,13,0.9121906419608022,1,1,0,6,0
Rumble,KSante,8,4,2,0,45.45454545454545,47,0,4,3004,1734,13313,33902,31.890038010837806,28,1.0913818367593415,4,4,2,14,0
Aatrox,Graves,7,8,9,0,66.66666666666666,-10,0,3,147,204,7895,33432,29.017008953719426,26,0.8594881158419884,3,2,1,7,0
Renekton,Nocturne,1,5,5,0,42.857142857142854,33,0,5,490,762,6536,16419,24.08022610746423,17,0.7642129197702263,3,3,1,8,0
Jax,Olaf,8,1,8,1,64.0,34,0,3,2707,2975,10309,24607,31.48023019685568,19,0.8307868206873917,1,1,0,9,0
Jayce,Smolder,0,3,0,0,0.0,-14,0,1,-1624,-1332,7345,8530,32.23969064402804,10,0.6794827124400696,1,1,1,6,0
Rumble,Nasus,5,5,4,0,33.33333333333333,32,8,2,1498,1901,8757,26534,23.00525165363233,25,0.8062972582160289,5,5,0,16,0
Rumble,Fiora,6,3,7,1,44.827586206896555,26,4,5,2016,859,9434,31966,24.703766874192134,30,0.980774155100055,7,7,2,18,0
Rumble,Akali,16,4,5,1,56.75675675675676,45,0,2,864,1745,10403,39500,28.384383199550612,32,1.0250575405879396,3,3,2,13,0
Rumble,Renekton,8,2,10,1,52.94117647058824,-9,-4,1,-410,156,7382,33083,28.037128707708987,29,0.947835947593696,5,5,2,16,0
KSante,Vayne,6,1,10,1,53.333333333333336,17,0,2,1376,1022,5759,18714,20.899824414306202,17,0.7482290264211285,2,2,2,9,0
Aatrox,Riven,0,3,1,0,20.0,14,0,5,200,673,5506,8323,21.34495502702382,18,0.9932328077440319,3,3,0,8,0
Aurora,Nasus,5,7,5,1,43.47826086956522,30,0,3,92,1113,12255,32274,31.4025043889156,26,0.9032264595591264,7,7,3,17,0
MonkeyKing,Aatrox,7,3,6,1,59.09090909090909,3,-1,2,810,217,6049,27827,27.7460410788821,20,0.6954012231202634,1,1,0,11,0
Kennen,Akali,1,8,7,1,27.586206896551722,1,2,2,-226,-956,9695,22145,17.922450325848537,30,0.9685436093640838,4,4,1,15,0
Jayce,Skarner,3,7,1,0,30.76923076923077,13,0,5,1292,-309,9909,16264,31.63371144914125,17,0.8204213925739289,1,1,3,8,0
Aurora,Gragas,2,3,0,1,10.526315789473683,2,0,2,98,-226,9505,9994,20.902110163422915,14,0.9486931945451491,2,2,1,7,0
Jayce,Kennen,9,1,0,1,26.47058823529412,27,10,5,3669,2961,11452,14178,24.978898291541647,15,1.0457559476844518,3,3,1,8,0
Jayce,Gragas,4,3,4,1,29.629629629629626,25,4,1,522,661,7680,23080,21.030159209005287,38,1.5484422634371473,5,5,4,14,0
Jayce,Kennen,0,8,3,0,42.857142857142854,-14,0,0,-1600,-1116,8379,12546,28.847866035205772,16,0.7661938047725967,2,2,1,9,0
KSante,Gnar,4,5,15,1,46.34146341463415,-23,0,1,-2214,-1551,5110,21691,14.497438589329223,28,0.9319705212322956,4,4,2,10,0
Aurora,Jayce,3,2,3,1,25.0,13,-4,2,485,922,8011,10792,21.737430290832314,15,0.9283395134245689,3,3,2,9,0
Sylas,Irelia,2,4,3,0,41.66666666666667,-10,0,2,-327,-185,8796,12550,26.879517732618158,16,0.952559971595668,1,1,1,7,0
Renekton,Rumble,3,5,5,0,27.586206896551722,-20,0,0,-1043,-1050,3138,16296,14.120357382143284,18,0.6154689328759609,2,2,2,7,0
Rumble,Aatrox,0,7,4,0,26.666666666666668,-10,0,1,-583,-1503,7516,16084,22.299098594199215,17,0.7450843596814127,1,1,2,9,0
KSante,Rumble,3,0,1,1,25.0,27,2,3,1482,1874,7268,9062,23.747241492427033,16,1.0503261318717716,3,3,1,8,0
Camille,Aatrox,3,5,6,1,34.61538461538461,-11,0,0,-139,-1212,6094,16819,17.70223830523529,27,1.1087975182847116,5,3,2,9,0
Mordekaiser,Kennen,3,0,3,1,31.57894736842105,52,0,5,2956,2357,7153,8544,20.79189061788192,12,0.8188200053526756,3,2,0,7,0
Aatrox,Udyr,4,6,6,0,58.82352941176471,13,2,3,1108,1004,11926,26896,25.561138780678217,25,1.0113482205790043,5,5,0,13,0
Rumble,Corki,1,0,4,1,38.46153846153847,2,0,2,954,1447,7079,9111,25.11214441262189,13,0.8832908315727408,2,2,0,7,0
Aatrox,Tryndamere,10,2,8,1,45.0,-6,0,3,666,667,8405,33987,21.307030115615714,24,0.7256901961815763,7,6,1,12,0
Aatrox,Rumble,12,8,11,1,48.93617021276596,-39,0,0,-721,-1063,6115,45021,21.31765336098474,42,1.0117443449795434,11,10,4,13,0
Jayce,Aurora,8,4,8,1,47.05882352941176,-11,4,1,885,1174,9149,20594,22.109134599978795,17,0.7462159591721879,2,2,0,10,0
Rumble,Varus,4,4,2,1,31.57894736842105,-33,0,0,-1866,-1456,6578,8766,16.500853558595985,12,0.6188705648274653,2,1,1,7,0
Kennen,Nasus,4,2,5,1,47.368421052631575,28,0,4,3174,1487,10589,11585,27.39868261278422,13,0.9075072048515544,2,2,0,7,0
Mordekaiser,Kennen,1,1,4,1,22.727272727272727,-23,4,0,-1782,-292,5332,7283,15.113753820289475,17,0.9558198760014048,2,2,2,8,0
Rumble,Tryndamere,1,2,0,1,5.555555555555555,-21,4,0,-692,-459,12617,12704,22.44027791646585,12,0.7631373698040558,2,2,0,8,0
Aatrox,Tryndamere,1,4,2,0,42.857142857142854,-19,0,0,-2364,-1361,10796,12203,30.663789376934314,12,0.7990092294528223,1,1,1,6,0
Jayce,Lucian,4,7,6,0,45.45454545454545,10,0,0,140,799,9299,23034,22.67376474569588,37,1.4265598243864452,7,7,6,16,0
Rumble,Jayce,2,1,7,1,56.25,19,0,3,1512,1623,8122,9623,23.6758625887227,10,0.6488012191348812,2,2,0,7,0
Rumble,Gnar,9,1,11,1,48.78048780487805,19,4,1,588,476,7255,23093,22.838876397970452,36,1.4256569123802272,5,5,4,14,0
KSante,Renekton,5,4,14,1,44.18604651162791,16,2,1,1080,1328,11181,20116,17.486969470163448,13,0.5041310063408291,1,1,0,7,0
