champion,opponentChampion,kills,deaths,assists,win,killParticipation,csdiff14min,jungleCsdiff14,turretPlatesTaken,golddiff14min,xpDiff14,dmgChamps14,totalDmgChamps,teamDamagePercentage,visionScore,visionScorePerMinute,visionWardsBoughtInGame,controlWardsPlaced,wardTakedowns,wardsPlaced,completeSupportQuestInTime
Renekton,Jax,3,3,10,1,48.148148148148145,42,-2,3,661,682,5706,19494,13.531568742436734,35,1.1281979039223724,4,4,8,8,0
Tryndamere,Gnar,2,4,4,1,15.789473684210526,5,0,2,-906,-681,4064,10992,10.249247330127023,34,1.071390355493767,5,3,10,8,0
Gnar,Yone,7,8,7,0,45.16129032258064,20,0,1,669,393,8049,31429,21.51044204979456,31,0.9166827146120486,8,7,2,17,0
Udyr,Warwick,6,1,2,1,30.76923076923077,30,0,5,3070,3045,14727,14727,28.975373178018067,8,0.5531912731617368,2,1,0,4,0
Fiora,Gnar,2,3,12,1,43.75,-21,-6,3,-688,-345,4794,20025,21.333971815057417,25,0.96467716844996,2,2,4,10,0
Viego,Gnar,13,3,9,0,61.111111111111114,42,8,5,4248,3156,9656,35731,28.26981960645028,40,1.1606248430317252,14,4,16,8,0
Gnar,Jayce,0,1,7,0,70.0,12,0,2,765,925,3798,11691,26.204891540297513,17,0.7439122800375187,2,1,3,7,0
Jax,Renekton,1,1,10,1,50.0,-12,0,5,1405,484,11319,19570,25.742270885028017,20,1.007310577870212,2,2,3,8,0
Fiora,Yone,1,4,1,0,12.5,-13,4,2,-3280,-1867,4981,5313,13.352776543682825,9,0.60461749496519,0,0,2,4,0
Vladimir,Nocturne,2,2,0,0,25.0,20,-10,1,324,567,11308,14126,32.36049148900687,14,0.7557709994494473,2,2,2,8,0
Renekton,Jayce,10,7,13,1,71.875,40,-4,5,3852,2712,12413,34482,33.02675424964478,31,0.9201511465676752,3,3,4,6,0
Gnar,Yone,4,4,0,0,23.52941176470588,-22,-4,2,-769,-752,7460,14139,23.7082693173546,16,0.6924206948863212,1,1,3,9,0
Vladimir,Darius,2,3,1,0,20.0,-15,0,0,-1833,-1591,7267,11035,18.394600208563283,12,0.690175277554506,1,1,2,6,0
Tryndamere,Smolder,6,3,3,0,39.130434782608695,17,8,0,-102,1540,3365,15513,16.889723265411416,43,1.5949122031607792,4,3,11,7,0
Gwen,Jayce,5,7,1,1,26.08695652173913,-15,0,0,-2107,-1228,6107,13434,20.620796324783065,21,1.006675624868768,3,3,2,9,0
Gnar,Yone,0,4,3,0,27.27272727272727,-15,0,0,-1170,-979,5311,9262,23.28904219502821,22,1.034317535016064,2,2,3,9,0
Gnar,Jax,5,5,2,0,41.17647058823529,39,0,2,1742,1355,6292,21713,24.81877005119215,29,0.9741662481864799,6,6,7,15,0
Renekton,Kennen,6,6,12,0,60.0,29,0,3,1379,1618,7206,24646,16.501992486646888,47,1.3316175480900883,7,6,10,11,0
Jax,Yone,5,1,1,1,40.0,8,-4,2,1103,836,8548,11740,24.396127142745588,16,0.9879387625822346,1,1,4,7,0
Nasus,Vladimir,3,4,7,1,45.45454545454545,-24,0,0,-1893,-1565,9036,24545,22.363850404750867,27,0.9637441539090859,2,2,3,9,0
Renekton,Tryndamere,8,7,7,0,55.55555555555556,4,-2,1,-201,-582,11637,39078,24.97378428607138,19,0.6047661378701595,0,0,6,6,0
Nasus,Vladimir,6,8,12,0,40.0,-37,0,0,-2199,-1983,7257,35331,17.472023333622367,53,1.310526240335528,12,12,11,17,0
Jax,KSante,11,1,7,1,52.94117647058824,15,0,2,1252,1127,12390,34088,31.152807938834332,24,0.9696449987619098,8,7,2,15,0
Nasus,Jayce,9,3,8,1,47.22222222222222,18,0,3,518,1375,6557,23007,21.316955261413185,37,1.181978232001369,3,3,8,11,0
Gnar,Nasus,3,6,2,0,27.77777777777778,20,-4,3,150,424,9591,19481,24.46575047184068,27,1.117443196473514,4,4,5,12,0
Gnar,Rumble,12,4,6,1,45.0,8,-2,1,-98,-570,4168,20411,16.732669153571482,28,0.965045141647174,3,3,4,11,0
Fiora,Warwick,5,3,2,1,23.333333333333332,17,0,3,398,1043,7456,16753,16.70244059545402,41,1.4439801222346016,2,2,11,12,0
Camille,Rumble,7,9,4,0,44.0,-15,0,1,-645,-499,4186,12613,13.011497052385321,33,1.1368034424492035,4,4,6,11,0
Camille,Rumble,5,8,13,1,48.64864864864865,-47,0,0,-1230,-1062,5557,14573,14.599178118484938,18,0.7890493115899824,2,1,3,6,0
Volibear,Smolder,6,3,4,0,43.47826086956522,-11,0,1,982,204,5019,20865,23.652284759976823,23,0.8558493489654154,6,4,2,9,0
Renekton,Camille,5,1,3,1,40.0,36,0,0,604,901,7659,18104,19.819516344804235,26,0.9472983062947872,5,4,7,9,0
Fiora,Aurora,6,6,1,0,41.17647058823529,6,0,1,571,420,8559,23271,26.23427282139299,30,1.1484741843166157,5,4,5,11,0
Renekton,KSante,2,2,2,1,19.047619047619047,9,0,2,207,-832,5576,9938,16.132931695566104,18,0.9120386764875832,4,4,6,8,0
Jax,KSante,1,0,0,1,7.142857142857142,11,0,5,1396,364,5618,6607,17.614012437610416,10,0.7081764032140484,2,1,1,6,0
Irelia,Fiora,10,3,9,1,61.29032258064516,65,4,4,3898,3847,10572,22668,32.58357390994591,17,0.8906468590183053,2,2,1,8,0
Garen,Nasus,10,2,4,1,45.16129032258064,35,0,5,2545,1122,11167,20880,23.59014632332456,30,1.2606952392557185,4,4,7,8,0
Renekton,KSante,8,3,9,1,56.666666666666664,48,0,5,2998,2017,9074,35230,21.73780022573376,69,1.6689647539126609,7,7,24,11,0
Renekton,Garen,3,5,5,0,42.10526315789473,13,-2,1,-948,-663,8849,17700,23.27449622972933,15,0.6361860912659543,1,1,2,8,0
Vayne,Garen,2,7,1,0,20.0,40,0,2,255,1027,6076,13370,19.474725921252812,32,1.1733649570910587,4,4,8,13,0
Camille,Fiora,4,6,6,0,41.66666666666667,-5,0,5,-761,260,6367,20909,19.50872223238694,41,1.2635361878846927,3,1,4,9,0
Mordekaiser,Renekton,1,5,3,0,20.0,-30,0,0,-1634,-441,6206,15492,22.961855754789745,19,0.8768055988246451,2,2,3,6,0
KSante,Camille,2,6,6,0,50.0,5,0,4,163,-667,7450,15271,14.579941606671316,35,1.0642510898656186,6,6,9,11,0
Renekton,Kled,7,1,3,1,47.61904761904761,-4,0,3,-776,424,5828,16816,17.361434603522437,36,1.2666087478469243,3,3,13,7,0
Camille,Jax,3,3,2,1,25.0,-29,0,0,-1470,-948,5482,8872,16.974963291659233,10,0.6063884565109243,0,0,0,6,0
Renekton,Camille,6,7,7,1,29.545454545454547,11,0,2,-2143,-925,9802,20802,15.746132192864359,25,0.8821733858699763,6,5,4,9,0
Yone,Renekton,6,7,0,0,50.0,24,0,0,190,162,12160,24296,32.0493738804618,17,0.7483269054165969,3,3,2,8,0
Olaf,Renekton,8,8,4,0,48.0,21,0,4,532,619,9493,27795,23.101380597104875,25,0.8595356689293303,5,3,6,8,0
Olaf,KSante,9,9,3,0,50.0,-13,0,0,-1629,-1706,5908,24792,23.538515011714193,16,0.579886591699291,0,0,1,7,0
Camille,Nasus,5,3,3,1,33.33333333333333,11,0,5,39,-549,9250,13866,24.19280446684731,19,1.0196683026124547,2,1,3,6,0
Gnar,Jayce,3,3,10,1,34.21052631578947,-8,0,0,-732,24,4766,16384,14.625921090629223,18,0.7119786183203203,2,2,2,10,0
Olaf,Gangplank,13,8,12,1,60.97560975609756,6,0,3,1141,297,12011,42063,31.16642405208464,22,0.6879928784716998,6,4,4,8,0
Nasus,Corki,9,6,5,1,56.00000000000001,13,-2,3,484,1448,11381,22699,29.61327147671897,21,0.9056389908221376,4,3,4,9,0
Camille,Renekton,9,3,6,1,48.38709677419355,6,0,4,1118,1759,13471,21888,30.8162949161538,17,0.889914690996962,2,2,4,7,0
Camille,Aurora,12,2,5,1,48.57142857142857,22,0,5,2613,1840,7909,25240,29.59819558658111,15,0.706804050245935,3,2,0,7,0
Camille,Riven,0,4,4,0,30.76923076923077,-4,0,2,-1057,157,4177,6607,18.799532721933637,11,0.7241459238747447,0,0,1,5,0
Fiora,Tryndamere,9,6,7,0,72.72727272727273,-25,-8,1,-1910,-953,7301,38100,29.688778614327095,22,0.6614146678833378,3,3,4,9,0
Camille,KSante,2,1,2,1,19.047619047619047,12,0,0,-4,440,8303,11929,23.35933628734356,9,0.6395640731074088,2,1,0,5,0
Camille,Tryndamere,4,1,4,1,25.806451612903224,-33,0,1,-1972,-446,7816,25234,26.12878104826511,18,0.6577111753951804,2,1,3,9,0
Olaf,Renekton,8,3,5,1,54.166666666666664,22,2,4,1120,1172,12038,20803,24.69222991332313,20,0.8973382951852811,1,1,7,7,0
Olaf,Nasus,3,2,12,1,44.11764705882353,41,0,2,1144,464,7734,27917,22.29221051407557,24,0.8376333615404103,3,3,9,6,0
Aurora,Kennen,3,3,14,1,44.73684210526316,2,0,3,689,-3,8010,28047,22.672462143231325,24,0.8282507164648867,4,4,3,11,0
Gnar,Renekton,8,2,11,1,59.375,54,0,5,2715,2459,12736,34216,24.582454817221993,18,0.5997713461019483,2,2,3,11,0
Camille,Aurora,8,6,11,1,43.18181818181818,21,0,5,1530,1574,7945,25586,18.443469619647882,43,1.3323351040380693,9,8,11,12,0
Camille,Riven,9,8,11,1,74.07407407407408,-23,0,1,-863,-588,6259,30444,31.759701376726905,27,0.9024714509397331,3,3,2,8,0
Aurora,Nasus,4,5,0,0,40.0,-18,0,0,-1275,-1423,7205,20000,32.99144389357949,19,0.8229872883033541,4,4,1,9,0
Aurora,Rumble,9,5,6,0,45.45454545454545,35,0,5,2451,2142,8187,35025,26.600518272418743,39,1.2819055840210167,4,4,5,13,0
Aurora,Rumble,5,3,4,0,50.0,-5,0,0,-277,89,7032,24130,34.04879985382076,20,0.8228207372440453,4,4,3,9,0
KSante,Cassiopeia,5,6,10,0,78.94736842105263,13,0,1,754,998,6743,21442,24.97063992076452,22,0.8335732046777584,4,4,3,8,0
Aatrox,Kennen,9,3,5,0,45.16129032258064,28,2,5,1219,590,6165,35588,25.21717549633456,35,1.0624221303349437,12,11,7,15,0
Camille,Jax,10,7,8,0,42.857142857142854,-21,-4,3,369,-275,6548,29557,19.239704913307808,34,1.053873912746676,2,1,9,9,0
Camille,Garen,5,8,7,1,30.76923076923077,-2,0,0,-837,-716,6762,24696,18.769419327746874,26,0.8104061876122837,5,3,5,9,0
MonkeyKing,Darius,4,1,2,1,28.57142857142857,20,0,5,1945,1361,9125,11681,23.465457224531246,12,0.7798327424443349,2,2,1,6,0
Camille,Jax,4,1,4,1,34.78260869565217,-7,0,2,679,1007,7544,11146,17.864205082052326,23,1.1245490414052923,3,3,4,8,0
Nasus,Jax,5,1,2,1,38.88888888888889,17,0,3,1094,1387,8423,14206,34.087446877462476,15,0.8637711798349711,3,3,2,7,0
Fiora,Jax,5,1,2,1,58.333333333333336,49,4,5,3470,2895,9922,11814,25.142546068260675,19,1.0935707920554387,2,2,1,8,0
Olaf,Corki,5,6,1,0,35.294117647058826,1,-2,2,-395,-311,3343,12699,14.390330541016077,21,0.8460243063539082,2,1,1,8,0
Renekton,Nasus,2,3,3,0,41.66666666666667,34,0,3,1592,1276,7915,15460,29.02938521839125,22,1.0129599132416105,3,3,5,9,0
Renekton,Nasus,1,2,1,0,12.5,32,0,0,627,606,6872,12593,14.183327200315677,24,0.8954054918621106,3,3,3,12,0
Renekton,Camille,2,4,0,0,18.181818181818183,7,-4,5,81,-89,7088,10757,25.24012740194708,18,0.9640472896703743,4,4,3,8,0
MonkeyKing,Renekton,1,2,3,0,26.666666666666668,-41,0,1,-2455,-1411,7522,15589,21.431356022395793,12,0.5643029806576734,1,1,0,7,0
Sylas,Smolder,4,2,2,1,19.35483870967742,-26,0,3,457,650,6158,13221,15.597313659351645,22,1.0317542855890067,4,4,3,8,0
Aurora,Udyr,2,0,3,1,26.31578947368421,39,0,2,1179,1958,9928,11969,28.053674168382898,14,0.9211936319110292,2,1,3,6,0
Gwen,KSante,3,4,7,0,55.55555555555556,-14,0,0,-271,-46,9517,28043,27.642722799915564,27,0.8962594969958655,4,4,7,11,0
Fiora,Tryndamere,7,1,6,1,39.39393939393939,26,-4,4,1469,1239,10525,32273,22.845697857918182,46,1.2539857537206616,3,3,7,15,0
Olaf,KSante,2,4,2,0,50.0,-8,0,0,-834,-1366,5255,9842,25.243689171318717,15,0.7588803810899415,3,3,1,8,0
Camille,Volibear,14,1,7,1,84.0,24,0,4,3374,2881,13736,31332,35.084879409310595,26,0.9743622676371665,2,2,4,9,0
Olaf,Akali,5,3,2,1,35.0,17,0,3,1745,475,10433,12482,25.409389989947417,5,0.35716206014483776,0,0,0,4,0
Olaf,Ryze,5,2,2,1,31.818181818181817,30,4,5,2862,2021,7184,9721,20.18677721057786,11,0.708420015025609,2,1,0,4,0
MonkeyKing,Aurora,0,5,1,0,7.142857142857142,-6,0,0,-878,-554,2262,9291,13.707699130889631,12,0.5206241523201642,3,3,4,6,0
Darius,Udyr,4,5,2,0,35.294117647058826,23,-2,3,268,576,6206,11788,18.859840644697893,15,0.7333071525431498,3,3,1,8,0
Olaf,Renekton,5,2,2,1,43.75,39,4,5,3113,1536,10704,14871,32.986508772780034,12,0.7783520806087955,3,3,0,6,0
Olaf,Renekton,4,4,9,1,39.39393939393939,-11,0,4,-11,-793,3880,15710,18.254269060007136,24,1.0654722093331268,5,5,2,10,0
Ryze,Garen,4,5,3,0,33.33333333333333,6,3,1,-1600,-1508,6420,12032,17.899063024779675,15,0.5729369660449571,4,3,2,10,0
